,9132,9336,9501,9744,9966,10032,10068,10380,10728,11022,11040,11166,11397,11631,11838,11874,11982,12036,12225,12438,12537,12807,12894,12936,13308,13317,13365,13551,13686,13863,14055,14316,14367,14439,14619,14754,14898,15819,15822,16011,16086,16104,16134,16542,16602,17052,17220,17379,17403,17406,17841,18060,18162,18213,18264,18702,18714,19272,19353,19461,19506,19578,19827,20157,20262,20319,20394,20400,20556,20724,20937,21048,21651,21714,22128,22365,22518,22581,22677,23028,23166,23241,23328,23835,24027,24045,24129,24342,24378,24540,25083,25320,25527,25602,25686,25710,25950,26253,26478,26799,27045,27216,27429,27501,27828,28254,28299,28377,28383,28620,28935,29115,29271,29787,29940,30219,30408,30537,30870,30957,30993,31005,31011,31107,31389,31440,31554,31929,31983,31998,32088,32199,32430,32538,32721,32973,33030,33174,33336,33555,33717,33807,33855,33939,33972,34329,34353,34434,34953,35004,35184,35313,35454,35937,36228,36237,36261,36429,36627,36978,37071,37209,37731,37740,37785,37854,37905,37908,38010,38076,38421,38442,38451,38640,38706,38931,39021,39030,39057,39150,39330,39414,39732,39777,40110,40281,40314,40413,40440,40554,40827,40938,40980,41040,41097,41262,41502,41928,41943,42198,42285,42669,42858,43044,43101,43176,43752,43821,43869,44115,44133,44376,44508,44529,44715,44946,45015,45276,45357,45606,45651,45792,45942,46098,46104,46122,46440,46464,46500,46581,46635,46716,46719,46728,46827,46845,47001,47022,47055,47316,47427,47562,47616,48105,48252,48585,48678,49032,49503,49524,49743,50070,50331,51321,51459,51567,51696,51708,51735,51777,52158,52305,52308,52371,52473,52623,52632,53376,53406,53412,53571,53631,53700,53754,53814,53865,54192,54270,54849,54960,54972,55146,55377,55575,55641,55929,56247,56304,56376,56442,56577,56655,56667,56730,56922,57222,57549,57726,57762,57942,57990,58032,58353,58647,59388,59697,59751,59874,60036,60117,60357,60447,60528,60627,60909,61491,61713,61761,61803,62034,62052,62418,62619,62661,62709,63318,63450,64332,64437,64686,64983,65007,65166,65172,65187,65550,65571,65631,66018,66315,66435,67173,67311,67362,67386,67392,67569,67707,67746,67860,68115,68325,68514,68895,69111,69267,69354,69420,69549,69882,70110,70257,70269,70392,70515,70593,70725,70827,70932,71073,71298,71520,71604,71820,72156,72651,72792,73164,73635,73638,73992,74076,74322,74643,74739,74745,74838,74850,75096,75300,75426,75492,75792,75921,76224,76257,76629,76695,76758,76866,76902,76971,76977,77223,77355,77418,77565,77586,77721,77838,77997,78048,78231,78246,78276,78465,78537,78687,78900,78906,78945,79113,79644,79821,79848,79890,80061,80151,80391,80715,80820,80997,81228,81369,81405,81417,81645,81846,82017,82173,82200,82308,82428,82665,82716,82776,82902,83073,83292,83361,83364,83376,83481,83754,83802,83892,83928,84012,84123,84180,84924,85086,85092,85221,85398,85530,85809,86016,86079,86118,86220,86355,86367,86724,86766,87045,87336,87378,87381,87699,87759,88206,88251,88371,88734,88782,88935,89022,89265,89436,89460,89658,89796,89877,89961,90195,90519,90789,90825,90828,90981,90990,91005,91080,91134,91170,91251,91299,91629,91764,91830,91998,92082,92259,92484,92541,92703,92838,93180,93234,93267,93483,93615,93810,93828,93885,94335,94356,94548,94773,94878,94899,94941,94977,95169,95313,95619,95622,95739,95832,96123,96189,96438,96465,96525,96762,97017,97221,97326,97545,97881,97998,98547,98580,98781,99414,99699,99978,100038,100110,100176,100341,100599,100761,100767,101355,101682,101988,102120,102273,102300,102312,102462,102612,102822,103155,103356,103812,104190,104241,104355,104571,104856,105156,105216,105219,105744,105759,106101,106131,106575,106803,107037,107181,107184,108207,108306,108486,108489,108609,108639,108750,108774,108861,108927,108972,109035,109239,109695,109905,109962,110220,110232,110637,110802,110913,111378,111390,111648,111681,111696,111699,111894,112191,112200,112449,112548,112800,112944,113112,113250,113406,113439,113550,113712,113847,113961,114354,114435,114495,114546,114636,114669,114744,114915,115161,115254,115539,115821,116169,116175,116235,116238,116340,116433,116505,116514,116829,116844,116868,117081,117393,117633,117639,117669,117762,117909,117921,118059,118092,118155,118182,118275,118512,118593,118704,118806,118815,118881,118974,119001,119028,119115,119223,119403,119562,119967,120195,120270,120330,120462,120546,120834,120912,120990,121137,121269,121308,121752,121974,122052,122067,122820,122865,122919,123087,123129,123195,123378,123471,123495,123660,123831,123855,124113,124320,124353,124455,124653,124869,125337,125373,125493,125733,125757,125763,125820,125961,126153,126663,126693,126837,127203,127392,127641,127767,127839,127851,127857,128184,128280,129237,129363,129594,129885,129975,129984,130212,130356,130392,130479,130767,130839,130941,131004,131259,131412,131460,131724,131730,132015,132036,132201,132255,132453,132531,132606,133209,133224,133383,133395,133497,133725,133833,134292,134640,134673,134715,134886,134958,135144,135315,135417,135447,135450,135471,135642,135717,135957,136293,136419,136938,136944,137067,137076,137238,137580,137607,137652,137742,137931,138387,138858,139464,139578,139776,139833,140085,140271,140394,140553,140739,140775,141006,141432,141537,141642,141762,141870,141927,142065,142080,142092,142236,142728,142764,142887,143073,143637,143850,143880,144084,144153,144156,144174,144240,144348,144459,144543,144549,144987,144999,145050,145392,145464,145521,145554,145863,145905,146025,146364,146436,146502,146754,147075,147213,147315,147462,147711,147735,148002,148488,148509,148836,149145,149307,149547,149682,150090,150234,150357,150615,150885,151077,151128,151479,151521,151575,151614,151659,151860,151914,152103,152163,152169,152220,152226,152256,152400,152790,152982,153381,153573,153609,153714,153906,154032,154272,154377,154389,154398,154560,154785,154935,154995,155202,155445,155472,155514,155649,155814,155832,155862,155982,156087,156174,156243,156786,156828,156882,157029,157137,157668,157755,157863,157941,158364,158379,158472,158481,158490,158673,158832,159012,159183,159306,159309,159378,159510,159516,159984,160500,160539,161196,161643,161856,161949,162051,162183,162345,162549,162681,162771,162870,162948,163365,163398,163422,163434,163914,164013,164121,164187,164271,164310,164436,165015,165141,165156,165231,165333,165492,165504,165540,165744,166014,166209,166281,166401,166419,166620,166656,166860,167115,167211,167322,167544,167589,167721,167730,167784,167814,167892,167967,168267,168594,168759,169434,169548,169803,170028,170082,170124,170148,170478,170583,170616,170631,170682,170889,170931,170952,171111,171231,171531,171672,171702,171930,172014,172197,172692,173001,173061,173181,173244,173496,173541,173637,173772,174411,174513,174549,174654,174708,174810,175326,175914,176313,176343,176556,176697,176952,177057,177369,177444,177525,177642,177669,177738,177759,177846,178023,178047,178104,178149,178242,178428,178473,178533,178608,178881,179004,179052,179187,179226,179466,179607,179694,179811,180003,180234,180816,180822,181095,181215,181275,181425,181761,181992,181998,182007,182154,182298,182358,182700,182784,182928,183168,183531,183627,183711,183999,184002,184005,184128,184263,184929,184941,185019,185355,185544,185559,186036,186315,186543,186657,186885,187020,187137,187275,187620,187671,188001,188004,188016,188040,188085,188652,188856,188925,189483,189666,189903,189966,190128,190206,190269,190626,190656,190923,191577,191694,191697,191739,191955,192108,192423,192522,192705,193002,193158,193215,193278,193668,194070,194079,194421,194844,195072,195093,195336,195351,195609,195744,195837,196002,196059,196464,196749,196899,196905,196938,197247,197331,197361,197400,197952,197994,198000,198075,198210,198390,198453,198522,198648,198705,198765,199080,199362,199422,199437,199689,199929,200196,200238,200355,200823,201345,201357,201429,201486,201705,201795,201894,201933,202008,202581,202680,202803,202893,203124,203190,203295,203355,203406,203517,203535,204063,204087,204339,204531,204552,204561,204600,204672,204954,204996,205227,205353,206148,206190,206226,206562,206781,207255,207753,208269,208305,208335,208440,208728,208758,208833,209169,209226,209265,209349,209367,209655,210033,210078,210405,210495,210579,210588,211104,211143,211281,211374,211455,211524,211632,212001,212172,212184,212340,212361,212388,212418,212535,212646,212706,212898,213075,213171,213183,213588,213807,213834,214383,214503,214584,214914,214932,215073,215265,215280,215598,215652,215703,215880,215898,215973,215988,216144,216300,216306,216387,216459,216561,216729,216855,217191,217260,217299,217329,217665,217836,217866,218058,218181,218316,218388,218409,218418,218550,218553,218601,218970,219108,219156,219285,219504,219564,219711,219948,220302,220488,220512,220692,220734,220791,220962,221391,221430,221670,221739,221853,222048,222333,222351,222435,222642,222879,223113,223149,223425,223698,223788,224538,224694,224775,224787,225012,225105,225165,225189,225633,226110,226236,226356,226509,226548,226620,226875,226923,227049,227328,227700,227790,227919,227988,228180,228330,228444,228594,228624,229386,229404,229746,229881,230040,230262,230304,230361,230574,230679,230880,231051,231192,231339,231399,231450,231960,232161,232173,232476,232548,232800,232920,233094,233355,233379,233391,233550,233784,234354,234441,234519,234549,234711,234807,234825,234942,235089,235224,235455,235719,235866,235896,236343,236355,236535,236646,236856,237051,237207,237228,237243,237630,237708,237873,237918,238098,238245,238440,238659,238683,238686,239106,239157,239244,239727,239760,240273,240819,241416,241446,241527,241977,242259,242286,242577,242760,243288,243321,243516,243606,243696,243720,244017,244215,244476,244587,244788,244812,245046,245199,245265,245316,245523,245925,246033,246153,246351,246891,246972,247980,248004,248070,248109,248139,248220,248325,248448,248553,248595,248625,248691,248718,248745,248757,248880,248907,249072,249183,249243,249324,249342,249408,249798,250152,250620,250665,250722,250815,250929,251214,251232,251433,251463,251472,251559,251736,251967,252030,252039,252060,252276,252465,252579,252585,252732,253419,253542,253764,253914,254196,254217,254280,254283,254334,254400,254547,254607,254643,254865,254892,255030,255240,255504,255519,255663,255693,255978,256062,256098,256185,256362,256425,256659,256974,256998,257085,257139,257493,257763,258069,258540,259101,259470,259587,259683,259833,260097,260136,260523,260547,260550,260709,260766,260961,261138,261234,261882,262062,262236,262602,262950,263208,263478,263598,263760,263958,264024,264033,264039,264231,264384,264402,264462,264489,264501,264804,264864,264906,265098,265185,265209,265215,265314,265362,265647,265986,266067,266202,266769,266883,267249,267258,267321,267621,267957,268164,268182,268212,268398,268566,268590,268896,268905,269184,269403,269427,269478,269595,269835,269922,270129,270390,270738,271152,271701,272202,272979,273183,273393,273597,273966,273972,274416,274650,274755,274764,274860,274887,274953,274995,275040,275565,275823,275904,276120,276186,276267,276309,276648,276708,276720,276762,276867,276882,276915,277143,277182,277185,277194,277272,277284,277569,277674,277863,277875,278016,278160,278712,278751,278811,278844,278952,279078,279126,279288,279630,279966,279993,280305,280812,280944,281391,281580,282129,282132,282141,282171,282210,282612,282774,282912,283011,283056,283134,283632,283719,283887,284079,284328,284652,284712,284853,285093,285147,285237,285378,285552,285564,285585,285732,285759,286101,286167,286350,286449,286836,287244,287382,287400,287610,287793,287820,288150,288423,288477,288705,288876,288897,289092,289125,289449,289479,289596,289668,289686,289812,290505,291156,291225,291444,291711,291861,291867,291921,292038,292077,292095,292302,292887,292923,293028,293160,293265,293298,293325,293460,293517,294591,294741,294834,295119,295179,295209,295212,295317,295368,295383,295389,295476,295479,295890,296166,296232,296532,296691,296739,296841,297336,297639,297936,298008,298074,298188,298221,298275,298314,298641,298737,298788,298806,299004,299733,299826,299943,300090,300255,300432,300765,300822,300957,301233,301329,301536,301743,301773,301827,302244,302511,302925,302952,303180,303396,303414,303696,303720,303936,303948,304020,304044,304347,304389,304947,305052,305214,305271,305364,305448,305643,305946,305994,306033,306657,306669,306780,306822,306849,306939,307389,307518,307629,307635,307935,307953,308025,308079,308349,308472,308502,308523,309066,309093,309108,309390,309561,309585,309666,309708,309873,310110,310113,310122,310296,310320,310326,310353,310365,310482,310596,310620,310656,310926,311058,311364,311484,312099,312381,312786,313188,313197,313437,313545,313704,313854,314106,314250,314331,314472,314616,314751,314799,314916,315015,315090,315102,315261,315489,315756,315852,315885,316041,316047,316083,316140,316455,316527,316656,316749,316803,316857,317181,317229,317409,317424,317487,317556,317706,317898,317982,318114,318207,318345,318519,318720,318861,319233,319242,319296,319401,319425,319443,319548,320214,320496,320514,320706,321270,321312,321396,321987,322140,322191,322221,322302,322434,322479,322554,322794,322914,322953,323004,323286,323631,323637,323733,323808,324225,324477,325062,325203,325395,325662,325689,325698,325788,325866,326280,326403,326430,326655,326889,326940,326964,327078,327129,327162,327366,327501,327774,328017,328230,328254,328485,328530,328755,328785,328815,329175,329385,329415,329463,329535,329589,329622,329748,330087,330237,330978,331074,331128,331236,331242,331395,331635,331767,331893,332085,332241,332442,332505,332541,332610,332655,332676,332733,332754,332943,333114,333201,333303,333381,333720,333753,333978,334008,334134,334233,334305,334464,334467,334716,334863,334896,334992,335127,335409,335607,335646,336330,336423,336624,337131,337140,337308,337521,337626,337797,337815,337935,337980,338211,338286,338592,338610,338760,339000,339354,339570,339624,339639,339696,339726,340038,340200,340503,340857,341097,341253,341529,341958,342072,342129,342312,342456,342498,342687,342729,342876,343455,343674,343680,343716,343791,343899,343917,343995,344094,344268,344505,344628,344838,344880,345300,345327,345354,345387,345762,345879,346005,346299,346332,346383,346629,346863,347115,347175,347316,347475,347502,348186,348201,348468,348519,348570,349083,349161,349272,349287,349332,349341,349434,349524,349722,349839,349878,349992,350289,350532,350550,350799,351132,351258,351285,351300,351615,351789,352128,352290,352302,352584,352668,352713,352788,353052,353136,353694,353769,353814,354390,354498,354576,354603,355014,355143,355149,355329,355389,355446,355869,355923,355947,356049,356142,356550,356880,357336,357459,357594,357663,357738,357936,357960,358128,358359,358611,358761,359007,359055,359160,359223,359301,359304,359355,359838,359919,360141,360306,360324,360375,360456,360492,360522,360546,360558,360618,360696,361050,361104,361284,361497,361500,361515,361806,361866,362391,362403,362781,362907,362910,363183,363324,363390,363396,363789,364131,364335,364458,364539,364590,365049,365109,365196,365529,365553,365604,365970,366009,366054,366456,366465,367164,367209,367239,367248,367344,367398,367554,367596,367848,367863,367965,368592,369054,369144,369168,369306,369441,369786,369828,369831,370080,370095,370173,370497,370503,370731,370794,371046,371229,372003,372051,372090,372234,372240,372300,372402,372555,372675,372837,372921,373077,373365,373404,373611,373698,373716,374040,374148,374319,374364,374628,374811,374904,374907,375207,375237,375456,375729,375756,375849,375954,375972,376515,376941,377016,377190,377265,377436,377601,377685,377715,378192,378600,378717,378813,378963,379092,379137,379224,379674,379932,379989,380046,380205,380493,380532,380649,381447,381483,381561,381636,381756,382494,382728,382737,382797,383361,383418,383850,383895,384264,384273,384282,384300,384753,384951,384960,385329,385509,385635,385806,385950,385974,385995,386166,386247,386388,386640,386670,386745,386937,387426,387690,388170,388260,388314,388488,388593,388626,388659,389049,389214,389460,389550,389871,390141,390153,390186,390303,390366,390501,390627,390768,390774,390897,390906,390975,391395,391632,391644,391794,391797,391884,391965,392148,392205,392472,392748,392853,393036,393069,393150,393348,394191,394218,394245,394854,394887,395217,395385,395406,395451,396069,396078,396471,396624,396753,397023,397038,397050,397074,397143,397206,397356,397524,397587,397890,398106,398391,398670,398817,399540,399567,399807,399891,400089,400101,400386,400428,400749,401079,401178,401823,401991,402057,402069,402318,402474,402783,403020,403206,403233,403383,403776,403902,403923,404010,404283,404319,404619,404730,404781,405120,405177,405357,405381,405405,405420,405648,405912,405939,406005,406293,406407,406803,406884,406914,407013,407061,407127,407325,407331,407766,407820,408303,408381,408558,408690,408837,409062,409269,409401,409572,410106,410319,410394,410454,411012,411228,411270,411348,411480,411741,411903,412584,412638,412671,412719,412812,413139,413232,413523,413697,413958,414063,414300,414360,414561,414720,415020,415101,415302,415443,415545,415584,415701,415887,416058,416451,416532,416553,416622,416862,416904,416985,417468,417480,417684,417804,417861,417897,417960,417987,418182,418191,418284,418629,418632,418743,418998,419145,419229,419268,419319,419604,419829,420213,420321,420324,420363,420747,420933,421197,421257,421353,421386,421485,421887,422088,422805,422826,422970,423012,423213,423246,423543,423750,423837,424155,424227,424260,424377,424872,424899,424917,424995,425247,425433,425442,425595,425679,425883,426036,426168,426300,426342,426387,426420,426822,426828,426921,427011,427239,427341,427524,427749,428211,428274,428625,428865,428901,428970,429099,429165,429315,429471,429606,429615,429669,429759,430077,430146,430605,430611,430638,430698,430713,430719,430917,430992,431004,431082,431427,431502,431946,432108,432180,432402,432708,432990,433020,433185,433338,433344,433953,434133,434217,434628,434910,435165,435393,435525,435702,435753,435873,435945,436002,436326,436557,436746,436764,436791,437073,437094,437526,437550,437610,437658,437670,437703,438216,438285,438408,438618,438660,438681,438933,438978,439062,439455,439461,439581,439650,440070,440151,440547,440793,441225,441237,441372,441603,441690,442200,442269,442371,442392,442422,442599,442917,443394,443430,443529,443643,443775,443973,444108,444114,444126,444144,444213,444438,444453,444792,444864,444909,444963,445332,445572,445752,445944,446157,446277,446505,446589,446946,447789,448035,448242,448368,448491,448656,449064,449121,449274,449286,449454,449583,449760,449805,449946,449952,450018,450075,450180,450237,450531,450612,450849,451005,451068,451074,451266,451482,451548,451554,452328,452589,452694,452811,453021,453198,453213,453219,453363,453423,453732,453885,454191,454278,454320,454371,454593,454704,454797,454833,454935,454956,454959,455103,455109,455163,455232,455262,455346,455637,455661,455931,456207,456480,456612,456705,456744,456879,457050,457206,457218,457338,457353,457545,457590,457722,457833,457932,458157,458379,458442,458487,458550,458763,458823,459027,459234,459261,459354,459414,459501,459507,459615,460179,460941,461817,461910,462606,462684,462864,463080,463122,463170,463302,463647,464226,464334,464454,464574,464676,464739,464886,464970,465213,465261,465654,465732,465735,465765,465864,465927,466269,466356,466380,466464,466467,466782,466821,466965,467172,467532,467637,467664,467727,467808,467823,467829,467907,468048,468105,468654,468771,468894,468948,469023,469257,469308,469413,469785,469917,470085,470448,470475,470601,470661,471123,471168,471339,471387,471459,471489,471495,471831,471966,471969,472317,472788,473103,473202,473439,473487,473535,473637,473883,474411,474651,474741,474924,474966,474990,475047,475206,475470,475695,475959,476034,476136,476163,476265,476562,476652,476664,476979,477168,477249,477252,477384,477534,477615,477858,477912,478041,478158,478260,478506,478542,478626,478686,478761,478875,479106,479379,479496,479907,479934,480423,480525,480531,480720,480891,481128,481482,481560,482082,482175,482397,482421,482493,482547,482571,482649,482745,482769,482901,482979,483006,483282,484074,484134,484242,484260,484620,484734,484737,484866,484932,485016,485019,485028,485127,485151,485361,485922,486309,486411,486423,486510,486717,486987,487803,487884,488073,488196,488238,488568,489228,489285,489369,489558,489603,489621,489945,490335,490404,490557,490563,490617,490785,491148,491244,491790,491994,492246,492852,492993,493194,493398,493452,493509,494106,494400,494415,494697,494874,494889,494925,495099,495258,495462,495471,496233,496353,496578,496674,497253,497292,497445,497523,497580,497979,498171,498336,498351,498486,498648,498780,499080,499119,499212,499485,499608,499791,499950,500037,500094,500283,500310,500382,500898,501198,501207,501465,501528,501564,501780,501882,502035,502182,502494,502833,502971,503220,503232,503340,503670,503754,503775,503796,503808,503859
0,151581,107094,260097,212802,74322,33030,469149,439707,336861,277569,343716,413676,12312,220299,298221,488082,85416,368334,268773,492057,104253,263217,309684,444963,82092,306144,138381,78687,159984,309447,9060,236622,197832,139824,184932,417795,428946,22377,258723,291861,9060,189666,254928,129504,327774,430191,243936,22845,279126,9060,9060,145260,300207,397170,385950,179610,148002,135450,289092,243696,424260,368001,9060,14394,212340,268896,253572,251232,47817,114426,55053,195837,84036,264636,478668,278349,294834,336219,496059,206976,350799,227217,354081,186000,102519,52542,9060,49383,501996,466242,106137,383031,391290,52371,159048,196059,295890,43020,438939,121074,308970,227919,238860,462606,333753,293175,235686,351132,52521,328386,481665,324276,33774,9060,285219,195906,9060,163521,492573,110457,358509,180822,463881,222879,228444,262602,121206,436401,176154,169983,268254,34959,291471,491886,332883,198501,488373,96000,137238,259368,432138,454398,71877,407544,484737,227877,478158,346863,327681,275904,488238,310761,380748,9060,243936,214155,453780,454959,194298,299298,136446,334134,28902,302925,389625,76257,218592,486309,235434,74862,236778,268212,145521,409143,325395,214503,96090,308862,351486,185154,329313,70392,212118,268590,492042,350532,9216,157518,359301,184929,362496,89004,89637,490806,204672,312786,313617,19272,357249,83583,117711,438093,473484,445053,414150,210990,268905,90828,211221,45279,440457,46788,272520,479076,91743,502380,120912,356913,89604,423213,219948,206190,54834,323637,472209,324285,384273,340221,132453,418068,152928,228396,162930,223329,211320,402789,190923,183999,63987,9060,70392,317982,459066,240783,503637,57726,26196,114669,208305,40956,337167,401805,233022,409392,380955,206841,334599,441261,156237,308970,122613,488214,253941,185238,348327,131004,206562,9060,81405,495471,373785,425622,465507,256098,81627,128430,307692,337815,448185,243879,9060,295176,9060,36123,252453,47712,127839,349083,81600,422064,188925,60939,332655,26823,474597,90732,295119,48585,212535,343995,387792,271554,444531,61287,60219,253656,463554,334599,458823,301494,495174,115410,262461,485922,280812,109848,239625,338286,25950,328254,379191,498633,238440,187803,321993,446157,437526,443403,233796,489369,325662,48195,113112,104028,414714,266733,40956,9060,436644,466782,443898,241680,318393,66768,151611,9060,110523,272070,59676,243906,108783,421257,379104,155862,396609,309873,458526,242445,190923,307911,304074,9060,388488,47427,39594,328530,334092,373788,430638,50196,218475,334134,62133,342687,85944,71427,98934,471969,488757,368592,117393,367335,9966,88317,395751,134850,56865,310794,416058,206082,147075,285378,482055,208191,187842,37854,282474,363183,413277,456756,213807,410319,274725,364590,435165,116922,9060,489582,214932,425709,158364,410760,340857,87873,363177,442623,363789,13551,420321,47727,66504,332286,119358,52623,344880,120843,276309,417858,46521,162549,451266,276189,31932,390414,272532,268026,249678,183162,256998,459729,136899,77145,473637,392037,193359,13551,313854,222324,238686,311484,135675,342204,259629,208347,369489,167463,426756,414909,155580,120366,18780,286167,315930,208968,277368,241944,213483,104103,350646,218409,49347,323733,333849,33180,450783,382524,366537,162639,430638,303396,187275,284205,260550,468744,106131,317424,29763,458382,460830,450543,268773,373365,318792,227919,89241,460335,355986,59844,179598,43821,333978,448362,474990,337626,173673,434133,34710,111054,9060,476163,79248,227937,56373,391806,491061,201705,251667,397470,349074,155463,360069,299190,138381,68115,303042,388593,239736,303132,425544,222090,219477,480948,452328,303720,268896,503223,419748,126174,280812,158817,154059,475395,448656,9060,353325,71583,108450,266397,152226,120699,493638,182007,84483,216768,277194,149682,195261,286512,402783,330519,399540,32118,54639,413706,430698,444798,394293,86544,159984,208191,153102,16050,98802,119223,382050,33162,325788,492747,479130,213834,501906,427524,53310,277194,308838,125733,129984,255387,94941,441033,135417,502755,10875,247260,325488,262194,32253,329385,67212,394830,87237,53328,49347,485082,154059,249342,57990,153450,251331,482175,351075,210699,157518,111984,503613,485394,180729,9060,86118,199272,377061,265047,54456,9060,293325,10269,394245,310353,298842,449121,255030,222807,92082,100155,443430,165540,312702,11412,213237,9060,324363,172821,368001,442371,148008,111306,301449,441690,384816,411348,136824,266199,438216,268962,227790,169803,500994,470085,446136,141885,78063,73992,13347,379209,26748,265794,249798,460209,416715,426975,413772,201894,503016,401823,449043,55986,362496,115671,200223,362856,349161,207141,393375,102612,386862,187671,109044,294708,450717,276120,35103,277842,169350,493038,360435,118497,76902,201705,322479,481662,353952,179769,271644,458199,420723,352398,466482,107181,284733,471966,394332,200940,484866,215118,317898,343119,338760,474741,330603,163143,137463,329175,152379,105219,435015,9060,70800,109044,117042,71349,172878,212388,415869,188004,90825,354216,282450,210405,194739,455103,255663,293325,295752,9060,344505,381372,488226,354330,131004,498225,232266,169146,220056,284499,390141,332733,403383,76428,217563,434490,309561,213498,437658,124320,46500,484824,134049,419412,123585,421887,421353,194589,254109,67218,201795,9060,207141,444204,13998,260889,445896,489558,17094,9060,19272,479640,341076,195363,390774,68181,193506,336837,115116,306675,9060,33336,464334,167076,275238,83907,459588,472101,483816,320706,239511,158472,155217,312381,83046,154785,191163,132006,271956,396057,487785,321621,255042,411633,243696,322419,48213,432765,131325,393069,15237,162681,58959,388587,313701,56241,90534,365241,195069,457710,37194,69642,100650,390171,327972,302574,202008,200328,373347,84768,453198,38451,435651,193557,461961,216510,320505,203517,329589,307803,75426,407061,48213,237639,9060,324120,18714,267903,481155,403536,425883,354351,256425,123261,280596,431082,446124,362949,9060,135675,450531,44133,123885,169140,52473,135141,251019,272202,363996,9060,354327,362859,155523,221052,223788,471090,390486,490719,244017,356685,440019,309870,286506,248031,287244,373575,478041,305145,175491,175128,277272,88146,284517,9060,269478,277089,66312,243738,68895,71448,45390,294834,482397,89289,400770,381942,16443,371121,9060,82203,342903,80151,248139,400749,139776,296232,295053,397572,200328,84036,114657,68325,22845,102543,74253,449142,13686,296391,411762,380205,449946,215280,111501,370731,321288,503937,92799,465261,9060,87927,163869,407820,363975,196938,228261,261156,502746,361497,188925,297693,392205,109779,343683,193032,269382,9060,287316,360456,267249,113847,226014,404628,29895,433185,306033,65103,16548,457338,349434,477252,279993,259917,9060,44244,9060,393336,97866,265794,43560,183984,139155,215790,9060,474051,53571,116505,494400,479694,80568,465975,482631,391806,317982,43614,319242,286350,109002,125193,492675,428274,487398,54426,453732,176613,413511,477150,265362,18303,500382,11049,182313,318114,296532,163500,117753,168666,165438,352713,31452,362622,183759,367971,207864,247929,66315,198648,395928,297693,479427,112650,187524,25497,242157,383862,248325,82653,413277,268497,186657,403383,232158,245316,225726,95142,310464,453657,466380,462120,227523,142728,135909,178572,50157,371463,364917,496719,393255,332610,271152,69111,159477,32160,454245,429090,139266,170226,97998,209655,428610,143877,314916,135144,500094,374319,357084,132720,11388,156354,381432,493068,257247,33972,417858,217815,202794,183501,449760,386421,219396,218316,268989,60261,486795,389838,493638,87759,362604,169023,466821,127392,226197,214362,382155,251232,213105,302226,434853,60225,79431,294492,206244,287742,213171,46680,415101,69549,77226,74382,274437,250188,452445,497445,336324,119718,388593,265695,83568,89877,479076,205593,341436,53868,117204,127194,272466,410922,154374,48372,238947,299298,496350,192108,427461,185238,256659,365895,382737,45804,75789,374847,316047,194589,342156,405381,231399,314472,209442,152733,310932,277569,176556,368832,328674,48195,486147,234606,21801,267282,462309,361284,226620,390303,234354,280095,468885,227466,219108,92541,316242,118182,322791,144987,151416,193689,214866,255639,176313,47988,245490,99768,220818,146436,364989,469563,382155,9060,437319,43686,457719,219156,59697,106599,471318,371271,471084,282873,45792,489969,52632,356094,503220,9060,170478,49503,115857,259683,307911,136710,378663,362628,18072,299004,152991,396078,182154,217665,469917,127851,281391,205509,249183,318519,166335,138858,242718,99747,327501,220488,87819,142734,125865,496206,292077,126837,190980,40080,370080,42198,53073,315756,404169,234942,469539,76902,104241,69495,286101,232476,375393,469563,384015,243288,161856,269070,184755,471387,203115,438939,73053,115509,419097,254400,407766,431430,35532,65550,316083,27381,404781,228441,183627,366054,293028,377016,310482,262878,9060,20631,390906,86118,134106,200163,300765,231450,218691,307575,437550,372090,401991,357012,9234,45651,101841,211632,80739,127392,414714,354369,403152,201357,382947,455262,217035,465864,397356,136020,418320,354318,232158,75117,117033,247416,482715,366486,461976,418902,440547,282162,250665,217563,480378,53073,342900,417963,502503,392853,9060,23568,310122,200238,46869,46191,453195,222093,268254,116433,89877,63756,416469,271023,31389,268410,493194,294594,333114,23211,439461,30255,337131,177057,102216,35289,145830,57726,81228,74703,382155,198000,218601,459066,215598,475047,214584,381270,118764,471831,459261,266997,273474,306675,9060,492513,211749,89301,103509,78687,372162,372741,221010,268905,10356,201225,9060,477384,440715,228093,322554,140553,198966,267543,45333,344838,80361,68385,238539,20928,63114,323325,98802,150033,142779,462072,416001,16542,427341,439239,419865,10194,75351,202896,436227,298443,314616,445842,471090,9060,227583,468885,158055,319233,215265,217002,429615,206232,141870,243207,153573,367104,111204,390066,223113,62301,162555,425148,265992,178242,328755,410394,9060,266907,126756,399126,434133,89490,89604,253914,9060,158364,451554,177738,254814,122988,9060,249210,51486,497457,309525,384720,321078,146820,160083,41130,390897,200787,454251,300102,117909,101841,452466,500022,19506,275808,374904,465855,168849,132195,319584,381636,386550,245583,269595,333978,118548,10380,164013,265008,266202,306939,196314,9060,20928,254283,248070,260343,419007,266742,483612,200493,135450,375972,190980,67860,407013,290400,113250,450705,400509,326463,128280,173244,236073,166476,286512,376941,453180,149547,196749,446589,426822,456873,145302,500379,239037,9060,61095,298941,110226,403749,487725,64770,216090,120834,302415,20118,88251,28329,71733,476562,395319,102030,372471,345711,199428,459414,291648,100713,408261,128280,13074,141297,64983,9060,190089,428610,316773,206976,146103,359355,248760,9060,428106,274764,16548,153945,340857,305544,85398,225999,463269,30738,471123,252579,154398,149670,165504,452016,32088,46053,150093,67575,9060,38442,61056,479835,263796,20319,71577,318207,9060,195765,155514,242217,331767,206082,9060,185238,485514,180822,334599,375630,366864,409863,151518,40728,45039,94047,211092,481329,150048,264906,469257,183429,450108,372396,347043,492801,135957,35004,251313,36492,140961,170709,468405,293184,316938,88149,477255,148002,130191,494112,253005,342498,105156,154995,488757,198522,404730,40281,205326,406107,184683,473712,255759,232812,362931,501858,390066,17403,200823,99825,9060,167211,206778,224049,171885,210495,344628,338247,228435,439650,503859,111696,485799,9060,227790,361008,199395,20817,201240,388569,373716,453021,35373,320514,111438,470085,84924,491076,490557,405912,174846,410559,243210,300642,27114,214503,190935,138963,429459,222015,16035,9060,348981,407766,465213,239736,245523,435303,376674,433338,66816,310773,19353,9060,319416,407214,421449,332064,481245,501198,343995,485922,381942,71967,355137,16011,382263,308502,121203,237861,28377,270555,270933,447039,217665,35532,482667,153900,112200,371817,400770,166689,305808,22518,57549,91170,354654,200940,362568,193389,9060,9060,463269,9060,190563,482175,158481,173541,375207,338913,460764,372837,411834,262374,117711,237564,217563,11838,36822,373167,96072,215973,97551,479697,209265,187524,326940,295554,153510,105495,31014,218553,420516,292095,193212,209367,318369,54405,45072,42261,478605,173535,37740,502461,69477,87699,212655,46140,94977,448242,95382,479817,305364,73998,122652,366870,353136,9060,305403,304044,103773,336423,231876,88833,441237,215427,204021,291387,362016,266631,65310,445575,159375,260016,357012,484851,353124,475695,9060,298737,369252,291921,366465,378273,439455,336651,139890,146766,33972,79485,272466,69267,238686,391170,226548,469023,244818,15507,112800,225627,217866,430641,416337,497181,142545,53541,408129,176556,99825,140085,79764,255633,205911,326508,190653,61056,82902,220665,220419,188784,198075,241416,15207,330411,182700,20994,269478,234759,239820,220665,213075,97221,284913,92433,489585,216729,324798,238644,466965,407391,66633,326964,51876,162837,443529,332610,88782,128898,434217,389550,124113,170616,173496,269184,71349,211104,45933,127593,242760,41619,354147,10773,401991,30738,154275,393069,373590,284652,139464,366870,227583,485364,359838,78852,343674,325029,209475,259260,219354,391167,128085,160083,373611,100863,453363,254490,46098,86355,157824,324375,138477,329961,332595,297336,88788,477303,325740,103356,232224,118446,113832,485451,134049,481443,127887,316803,151974,12054,388587,35490,211524,16602,275238,365553,62034,110814,277272,245523,234876,354603,284133,108486,491994,403056,115857,146502,128898,66942,237981,216090,10596,52773,155523,456705,499593,137325,388455,431082,71577,209727,417636,342759,299103,198390,317409,56667,423081,131259,502461,279111,229404,452571,390558,29820,155625,27828,90981,18261,71520,322209,73803,458178,354654,230451,28902,338610,9060,295662,253632,463122,288354,383418,206841,447174,230262,351102,12135,147990,171396,9060,291225,155523,298443,85986,393213,498189,334896,391317,235746,102312,345546,94506,346827,389844,102651,352968,106137,233040,265209,470748,419583,224694,11484,247338,249951,189636,124584,277185,239820,150816,35643,389214,108714,377061,333903,60615,39444,288663,312201,277284,361284,129885,281580,169323,79848,206346,270453,293124,9060,254871,417963,106101,9060,494889,349341,493761,337422,218163,186000,37074,134850,247797,272223,469434,471966,193134,147315,372471,119001,155616,406407,385563,346383,166860,402318,61287,437232,203550,305946,63714,40281,386670,105744,28377,228093,378813,119502,436167,111444,164109,386805,373077,411741,489381,372480,427641,470571,305052,239220,429315,497628,110232,34359,89289,328815,45594,203082,364731,192894,245355,206127,433953,427503,220365,292698,482667,332595,198309,185838,144057,263163,374532,138207,20157,61425,77964,297555,246162,291135,276867,246975,112689,144384,40440,101604,387822,321987,82011,227973,487056,39192,401502,165492,430092,466440,414534,471528,18234,322062,479694,420255,200196,164121,193425,275760,9132,373461,462099,374769,379191,430341,38580,452649,448740,49203,376515,46020,464985,192183,479073,224280,350550,421449,478833,215760,9060,328230,194553,480891,278682,17838,259911,308523,430077,426594,269847,362841,219948,54456,275865,381153,143436,157089,387993,70947,321360,248910,130479,126756,322125,98781,144948,150354,440151,406632,211092,245307,330210,13350,347316,385806,395913,373788,441033,300822,254913,490674,390141,102828,498336,298221,297336,199395,406632,186018,369549,322953,9060,283887,105156,14628,183168,300372,169146,205329,250929,173040,296691,296667,234570,79116,154272,388455,183162,254547,363396,255024,217836,121770,404973,157719,160308,276735,59784,436326,34281,83607,351285,490719,239031,143220,30951,430503,12006,311103,206691,161196,199275,9060,493194,82200,468606,210573,251472,437094,312873,448491,311466,494394,100710,336330,496647,492993,346707,158187,214428,42126,41943,160539,28383,13785,484995,409893,216930,18264,201240,373149,237777,469998,35289,484242,350550,503877,411417,138951,224376,236622,98610,373566,195351,93885,415443,427509,461400,427695,377076,189063,212118,131004,138381,263277,200355,18213,59184,390768,198693,135957,249243,330765,405933,46083,37905,294570,366684,431895,108489,303681,69267,444864,59715,453780,370875,407991,142236,486006,402657,104787,309321,395883,281196,452328,17895,276576,136899,196869,156498,209367,167961,369369,29769,271263,9060,181473,30888,484074,377499,222048,118098,80061,299658,170454,271833,400518,72492,100176,499437,119445,461877,318861,117150,116175,105003,158379,352530,109398,118512,319425,467658,195468,349524,20772,100038,432075,59802,139941,178104,362643,432249,217026,158283,271554,163884,414693,277674,217191,481482,250707,353277,197994,413772,331716,466467,285378,453213,420324,435393,458553,126999,501990,248799,254865,147213,199365,448185,279111,287610,472206,447597,90591,281019,237657,495285,389910,231681,365637,367239,350424,492672,116007,198693,430644,108867,59766,116169,488838,360045,85986,432765,137346,418674,441033,433338,230544,314916,65580,9060,48363,305079,117111,248031,266874,306102,323805,190656,471528,388626,421494,305676,317715,89265,75096,485478,115671,416118,467598,271395,211554,434226,130191,249501,262830,404619,15522,118860,366054,89637,20817,197361,441738,144444,321360,344508,421539,9060,316128,37134,365637,453198,435273,40827,306051,267633,378483,264165,284679,223434,318525,133395,80187,285732,133383,140466,318696,308034,413772,344175,45606,65127,443973,154395,143520,9060,61413,19506,352128,229389,75300,58383,390627,110523,444864,390420,101694,349878,149145,83073,241944,410280,439413,296220,276882,454704,267549,101343,375864,180027,238686,104571,269754,283044,171231,170538,136173,196779,337422,200223,445752,353769,121947,436791,223953,347805,100380,367164,312219,115671,125115,87381,146157,298314,280596,56649,210348,248760,331767,385743,295890,9060,116037,373164,425433,478761,89604,295776,166281,412812,470448,355869,246972,317556,439092,102828,446589,406293,16011,188004,370626,201324,267885,468435,378192,210939,371238,503808,429606,243540,55410,63450,219156,273597,132201,450849,9060,116238,133644,11412,457050,177945,107997,302814,500511,482694,162720,229881,88350,282141,187137,227901,224694,75192,266028,306033,269922,370173,115539,454956,412623,180132,130593,499119,208758,163254,425544,114384,317229,90081,266751,423543,9060,477324,314970,285411,209832,12312,40902,383361,392205,232662,12936,77355,492285,429165,100761,262170,179694,261765,435165,268047,426594,318528,303936,269595,382728,96438,131925,113112,426129,448500,309447,411762,185544,121134,161643,264639,296013,112449,282450,218511,434397,412149,437670,230451,111681,293085,80820,359478,126192,458601,94941,237639,245577,45387,284079,419604,405939,220734,323286,303120,379866,355014,75441,57603,9060,453741,351447,426822,164997,493326,427464,42834,36429,381168,383127,92982,468654,221670,315132,483330,285462,239691,204720,142995,473565,331236,405912,307911,438618,376068,24462,166656,501882,306657,241416,121680,496683,51735,17838,117741,217950,232920,455706,32493,60036,463302,126063,233094,328755,262602,268134,487866,347805,122652,178842,72591,201201,27501,312099,349272,51711,335607,486987,459027,317310,52422,137580,297336,196833,9060,415584,129207,124929,287793,162681,348465,9060,203772,230610,221853,282759,279645,77319,178881,139566,405648,294753,349341,480069,227700,207573,418752,206346,366378,184173,492741,18807,25497,465213,390414,404202,397710,355149,204468,310296,274860,358509,9060,327639,210078,116829,433344,195837,376347,251397,266067,9060,396606,76968,406278,115545,500283,232920,348468,367173,135273,245553,451866,416001,362391,499608,435549,132927,142734,89064,263217,124455,275682,385059,254814,232173,463080,300627,87819,440715,479427,347235,411252,275436,454926,200697,368229,220875,207591,462369,167115,235719,401523,9060,135993,431427,256419,34353,197181,357834,367443,189144,84942,468492,470940,103101,173952,425187,32919,9060,230268,395190,375630,348639,162042,55482,405120,189438,407559,296166,156243,100110,242718,62415,486441,70947,500124,380205,226590,357873,9060,218571,397143,303042,386640,313092,188235,428622,380046,123831,35679,28902,287523,458211,288405,162810,327501,60627,37908,102543,364482,433251,291867,460974,66672,9060,224280,15522,35184,109476,269382,480204,64686,81891,228246,284367,278811,438579,203406,26385,9060,357012,391896,397371,323499,339657,119718,388911,244017,383895,380649,9060,354351,260550,385596,170028,372240,315489,108519,346332,471573,120381,478980,131325,53412,437658,179190,495297,375237,236121,25686,192108,132201,300957,271887,204063,372555,158073,300369,353733,453363,117717,442422,136353,239625,282306,299658,404802,168123,88263,471495,403425,417657,212895,374532,144057,321432,9900,341076,309351,457353,262461,280389,416715,304389,425544,327870,159222,395451,254364,218388,239979,184575,436764,282171
1,361806,106680,44487,494400,456996,9060,267777,252060,9060,332085,380685,9060,123129,163044,168459,390186,9060,260016,373689,418503,9060,379932,468624,9060,9060,9060,449805,82776,481995,9060,9063,9060,284205,392037,346785,9060,90876,362991,223023,435525,9063,141927,442200,222834,246429,9060,390252,474051,398295,9063,9063,29271,82092,390366,141927,416433,174381,41928,171531,108609,51195,205707,9063,357936,226551,395304,88371,101925,411666,421353,9060,477501,135156,9060,45792,381525,180234,106410,117393,49032,503808,493068,322434,9060,341979,94548,9063,496233,248238,273474,71280,201240,151611,20358,497292,9060,61803,435873,62415,365109,403719,237918,9060,493698,320214,96294,164013,292095,384960,73788,9060,9060,18060,9063,172356,9060,9063,485028,293280,408690,231450,73053,15081,15456,497340,487551,242232,9060,270978,10596,267321,233355,345300,383901,349179,370503,10032,184755,69642,66531,279954,343122,330822,469146,110349,9060,9060,126912,367239,204021,9060,386133,416118,9063,271731,246054,43761,424383,97332,362841,39150,75093,191511,218547,9060,9060,391632,9060,191775,104043,327351,125961,447036,337167,72855,198114,281580,360717,207573,37071,341490,348201,214047,9060,166335,442866,403665,9060,177525,353325,420213,273978,66147,150018,347043,169296,330822,9060,384753,468234,43980,211143,161541,153402,400503,280095,9060,415365,14535,9060,151479,38049,292581,231321,246972,261000,9060,312954,439413,88251,242094,181590,9060,155691,120195,111804,95523,9060,9060,191955,482979,207591,439092,127986,9060,409572,9060,59514,9060,9063,9060,9060,342954,417408,336039,462684,266631,23028,457353,387426,210258,230073,490806,22896,9060,130653,347853,254928,457932,299877,489819,162291,9060,25602,151614,79821,422841,9063,461145,256974,169548,63318,300009,255828,9060,195228,446100,176727,229800,253830,9063,388893,9063,9060,9060,472722,303438,9060,58647,213483,9060,93234,443157,248718,9060,430917,17205,230880,9060,419100,109035,9060,286098,56376,319548,204672,141537,200943,319968,115821,23991,135471,116829,284820,9060,115413,163452,354501,304119,343620,362781,9060,417471,9060,458226,53631,364590,333594,415749,175149,264024,473091,456705,498081,459501,198453,169068,9063,25620,176343,274272,9060,98463,213018,163881,9063,384888,304341,9060,254643,93810,159306,209226,173952,181095,392148,252585,259260,278337,382482,383994,9063,9060,39414,9060,9060,376824,385974,348369,429138,9060,75093,184476,9060,9060,396069,264231,435645,317784,427641,319242,229821,433650,9060,136050,140550,316749,177945,12951,259254,407778,9060,89403,270453,199929,162363,31167,317904,305406,266199,121269,76728,176067,58275,41355,126063,9063,9060,161052,426168,233436,9060,9060,41691,466539,377010,486828,392472,70962,475389,312990,337614,356814,415887,195954,35220,397587,157941,9060,470109,9060,422391,231051,450717,53406,114915,9060,43560,501984,388335,381447,257763,279954,333132,298188,9060,9060,327867,160170,320706,465261,226299,461103,209871,15009,9060,9060,306102,9060,131259,285093,9060,310641,437844,265314,117762,242940,442623,433650,111648,279312,9060,9060,311196,444996,503721,290259,412461,9060,9060,90540,418266,45606,20394,9060,215880,9060,81051,415887,322557,138906,51321,58806,421878,9060,201591,9060,457563,127641,198303,9060,36288,327273,9060,475941,295179,9060,503334,9063,79503,10725,438966,113439,242334,9060,396150,344202,425433,9060,163134,333594,220989,9060,289545,9060,225045,155016,270087,24045,331716,255030,199080,106101,116505,197130,9060,9060,249501,270384,276477,144549,330237,382704,9063,9060,9060,469209,463122,45318,260394,110076,9060,139287,114801,369786,87927,351300,462324,202515,482421,382737,79842,9060,445944,451818,322617,9060,203535,365985,252660,9060,69087,9060,481863,328911,9060,263940,9060,9060,61773,266742,428118,119403,374040,294117,439698,350799,9060,346005,88734,9060,9060,288186,123195,424383,427695,9060,103176,391884,19461,244176,220512,382155,89625,351447,9060,447510,9060,403302,392880,9060,402879,231222,188685,422805,306675,9060,9063,237294,451068,490002,9060,27675,9063,304044,450075,164592,170796,166365,65166,401154,272373,139464,9060,9060,252468,281136,410922,211320,9063,181275,454593,49032,9060,81417,386670,263208,9060,60117,497979,315480,312069,9060,9060,451125,94977,383418,502035,306984,279729,70410,22677,368250,215598,289347,85530,464274,207870,9060,77964,9060,140550,9060,399420,156882,9060,9060,9060,172197,9060,187275,9060,201054,262308,104856,469074,9060,46104,251355,208389,258387,9060,260136,45015,167322,124599,426420,372837,40017,146583,331161,32715,355851,9060,94764,495159,11397,122178,40956,170124,21144,499119,140709,396606,447255,296166,456756,305040,134904,228981,314799,205842,495744,89175,335409,9063,126465,376002,459897,377685,9060,324456,9060,220692,285564,391395,56247,9060,162345,9060,79812,444114,9060,9063,488226,352530,105744,282762,9060,335991,369168,261105,200196,301680,52623,165906,9060,170709,63864,9060,322914,116007,212994,59142,9060,277185,9060,126906,446397,133179,146754,402072,149670,184755,360189,9063,87282,15903,9060,9060,182784,502182,106575,9063,254400,60447,9060,490200,275823,9060,473202,496578,329880,138906,9063,255687,9060,303837,230706,482493,390975,348099,211281,113439,9060,140271,74454,9060,139776,9060,236355,12750,44601,267357,133497,59751,9060,125961,337056,18264,9060,224847,422964,212493,179187,9060,9060,292095,478158,301773,328341,134379,9060,472914,9060,314961,222738,360129,375864,96123,9060,9060,412098,225783,483126,447036,393366,267024,260343,193731,9060,25560,196749,133395,9060,9060,215280,135141,9063,9060,276882,41004,21528,95436,284937,61422,19149,99414,488574,9060,134751,90783,9063,9060,392472,435393,497565,491169,9060,322479,466353,9060,9060,9063,284223,495897,97326,457128,283821,351345,83355,74382,9060,9060,181590,194907,331116,375756,9060,101703,266769,251463,140394,166272,188244,193158,9060,9063,96984,240951,9060,9060,347616,100977,129237,9060,19290,9060,9060,315738,405585,217923,9063,194421,9060,312669,77997,241644,322221,9060,42990,101925,422073,195927,381168,9060,444114,9060,209871,83520,102120,133827,384951,287451,193188,9060,9060,339177,327129,14280,80715,142764,9063,9060,9060,344928,250905,162282,127194,17121,357960,178551,371046,124422,462852,295785,462369,177765,482715,9063,79431,73017,39444,9060,121074,33336,433410,476190,315189,270633,58266,93885,403149,210768,376347,84180,9063,9060,9063,66633,10776,9060,9060,99231,275799,452931,9063,314346,9060,215583,384264,458613,123471,9060,208269,224787,102678,314004,160716,9060,485568,125502,9060,9060,76167,433377,335253,255240,9060,118881,23028,9060,9060,152928,255693,76758,101925,9060,69885,231153,227331,9060,339336,73083,423108,264489,215265,453291,9060,418566,121698,9060,318525,9060,222024,469560,9060,394866,503223,156243,223158,52398,309513,269835,9060,9060,9060,9060,408261,495174,321843,375345,249471,283011,9060,465855,123111,367335,326190,479379,22518,485799,31005,9060,155217,114546,205227,348237,9060,440709,9060,111306,9567,200196,377079,9633,9060,374907,210258,217299,124701,47022,64515,9060,9060,425589,40554,486987,51195,9060,331422,357801,78813,238260,419994,178047,489621,178167,440070,119001,74619,119562,346383,435702,394854,193425,43686,190626,9060,195954,9060,16104,82794,379209,393864,11040,497253,188652,456993,47001,386550,9060,234807,9060,46581,196002,454371,349839,9060,110265,335991,440151,10182,58575,57855,9060,157755,194559,9060,40080,310464,388488,38049,430191,21048,354669,25710,9060,146502,27036,367071,163422,386499,9060,418191,481977,107208,479478,414720,156441,379419,341490,65550,9060,9060,9060,9060,94899,9060,171885,77766,9060,76224,310761,9060,210540,279288,200793,221391,190587,355848,121308,134292,205773,256770,421791,9060,137397,224280,9060,119322,9060,383142,74703,490404,501858,101988,403779,382851,9063,405459,211374,205773,295038,41097,89460,241377,181425,51795,241500,210072,375813,274131,212799,442041,9063,474837,332286,439596,9060,9060,442599,439461,333978,68514,213873,9060,301329,476664,9060,9060,9060,44706,349074,378192,469833,229974,9060,204552,13644,9060,19575,324285,181419,83520,20262,9060,219156,230610,57762,224538,442596,334566,9060,190269,188004,163134,195351,373410,9060,38931,117420,39855,77721,9060,175914,147315,232161,467658,383163,201054,404973,298737,47712,9060,74862,251745,473136,9060,9060,90888,468624,12750,40554,341613,361515,210033,317583,188004,320934,9063,186315,503754,322029,9060,75531,183819,9060,472263,201486,212388,299826,9060,249072,275979,367344,9060,9060,108750,419373,453219,25560,263796,9060,245925,332733,9060,9060,321993,263763,9060,235815,368229,31107,244788,241377,249690,339639,152400,212646,341529,9060,170583,419595,111468,430191,278157,17112,9060,225999,9063,399081,295620,165906,87840,216564,78273,477429,467172,282912,27216,117870,205173,9060,409434,126153,371046,59907,430341,72456,15690,132255,133467,98580,42768,9060,402648,430341,9060,313191,283044,9060,63432,391638,457209,373839,262485,69471,126906,458487,9060,32199,480369,267282,9063,164586,200823,9060,225633,9060,457722,191697,334863,213183,294594,493887,9063,324276,9060,13551,423114,9060,128568,9060,383832,433020,9060,478158,95082,275397,482397,117789,27216,9060,469539,62619,9060,238317,83292,9060,9060,9060,9060,9060,332838,9060,457590,9060,501780,9063,377058,181323,9060,222231,458199,139929,17622,232662,19461,9060,145059,9060,399126,96291,285558,419865,9060,179787,257088,199110,288150,221430,9063,232635,31497,347187,224751,9060,9060,463836,9063,327639,495258,386247,148863,209559,9063,182784,80862,56730,255663,236073,389163,67926,332595,9156,164439,438936,108972,332883,41067,378717,9060,224787,9060,436854,9060,43176,20400,71520,154560,17412,9060,161541,193506,9060,99747,9060,9060,304779,189534,431502,487785,9063,157104,9060,482421,74862,444144,9060,116037,243354,216300,288855,9060,9060,440715,242940,94878,241791,381990,21759,248745,360306,93810,234399,53754,465042,9060,144444,117435,53412,388083,66816,260343,357459,49935,9063,298185,262236,489429,9060,208440,9060,9501,299943,9060,59910,23502,458991,109695,435852,431520,281391,190206,9060,259101,31440,9060,115254,9060,9060,108402,9060,444453,9063,315015,110325,232890,311094,161664,175326,471528,9063,501882,365823,362490,9060,415704,498825,9060,172692,502503,34404,65718,77319,404628,168297,395319,218310,362754,9060,443775,25917,9063,43686,439455,396609,39777,95169,234942,136446,9063,293088,315090,122061,178104,441372,9063,319425,344106,73053,143265,151914,115830,128538,9060,437610,326010,174381,461559,9060,291897,371160,111204,9060,9060,315504,145050,9060,468408,9060,271773,477456,63348,80061,119718,490335,489870,430758,359007,426420,9060,9060,451374,132531,98781,328530,247593,11022,9060,430611,205116,9060,189618,328905,168480,380955,408558,9060,9060,490338,9060,375207,9063,9060,194844,95739,489036,197367,89403,102606,192987,397761,449760,406914,9060,9063,329535,15237,254490,476640,9060,117855,31932,449319,278631,9060,386283,402318,354627,206682,21894,142995,270330,127641,371541,368295,106551,386283,354732,170889,282138,307518,85944,9063,9060,262170,373167,290724,17220,278751,493761,337365,9060,162720,207141,9063,9060,69495,12738,9060,446640,263796,26811,9060,337815,17184,373716,43476,486717,246015,262518,212361,300957,9060,453741,310113,377958,193389,9060,145827,129237,468672,304335,262194,446286,156174,9060,9060,25587,9060,247422,204720,9063,9063,40182,9063,431502,447462,350715,9060,108858,9060,484734,325395,9060,214098,120069,334134,82716,372675,377721,430713,209952,308349,346467,269334,238893,110157,360558,260136,186726,347187,310110,250815,372090,100521,113100,14628,9060,382263,143850,340857,151755,456756,401838,379854,237639,356835,225783,428622,429243,233013,9060,288396,461133,171501,502833,267351,214584,9063,31998,175566,393378,356835,349992,9060,166401,457545,9060,356835,454797,317229,252585,214584,286836,158679,484074,267780,495873,390837,9063,9060,249471,141333,50331,9060,9060,353694,160308,132015,9060,9060,329631,262194,300432,292923,210786,380529,415887,115116,170796,9060,292032,103101,148509,101754,386421,266769,9060,406116,462684,470448,13794,228546,9060,9060,313608,414453,143925,9060,9060,502359,9060,9060,17631,201276,84723,264039,9060,9060,411903,336948,273531,232032,127905,9060,197361,18060,271473,374811,359736,43044,74838,9060,354390,9060,362496,9060,37551,178809,446124,9060,422064,165552,348465,377715,189267,9060,450108,153003,279648,170682,406293,9060,270390,251343,477561,416526,442512,54624,322140,41067,9060,124596,332103,320706,9060,158472,138243,23328,151659,236343,54624,374175,9060,9060,494106,9060,9060,453363,340902,431502,9060,10548,9060,38706,64983,474741,290670,378201,9060,93810,220068,490608,9060,9060,452931,359223,9060,162183,458979,9060,485361,459729,127866,126228,427371,9060,70593,459354,343470,140772,125373,67473,399420,9060,282912,499593,292251,402942,471705,96189,9060,40710,9060,226773,202896,19578,219477,269835,335607,11022,200703,80133,190653,9060,180816,397359,9060,221670,146646,494223,110457,9060,104934,122067,380853,146151,209169,116613,298074,101049,340989,9060,464070,464817,461214,9060,9063,9060,396624,331893,9060,9060,305643,9060,40827,448023,295155,9060,91080,9063,54270,385806,160293,445509,61761,9060,256986,124353,9060,9060,9060,121680,458379,18303,167961,228405,401805,65229,270087,216930,285756,9060,364917,499281,270609,9060,59106,99477,71820,441012,390390,434853,322191,73194,11040,46278,329631,236817,290505,489366,130746,222801,496410,237051,104754,420270,231762,252714,9063,79344,9060,388083,9063,155016,97515,242157,457395,9060,23451,370794,136710,9060,208035,39414,161973,450540,9060,39423,251397,462864,154536,31740,466821,9060,330081,333432,401934,425679,413958,273474,9060,364590,23166,454569,9060,9060,99699,328017,420516,351822,387186,200988,345114,9060,174549,81585,9060,30522,264336,145971,9060,316857,9060,128511,46869,453885,468654,468894,9060,375630,201885,9060,381525,396150,487812,246063,9060,166164,9060,371541,328341,9060,40728,9060,164013,9060,9060,141009,437319,498486,170322,496773,326964,469560,9060,264489,49398,9060,462864,447519,72711,9060,68478,356094,467727,431793,299826,9060,191556,91170,9060,344268,15774,481944,217329,13785,291837,473439,9060,85626,9060,262170,472206,9060,372003,295695,78537,384720,484620,9060,9060,77223,251382,498633,438681,9063,276453,30993,473637,318525,417960,390774,9060,474966,9060,409572,236121,9060,344928,100110,9060,37740,9060,9060,73638,9261,186861,9060,304680,458064,466821,482415,29094,355833,9060,441603,123174,248679,162051,445053,228624,285552,363390,9060,219285,488097,494415,9060,282141,9060,408114,384168,188253,352302,89658,9060,87471,9063,291711,9060,102054,9060,479907,269334,316455,9060,183168,279630,447174,467664,80739,309354,492270,21060,470940,391578,256185,9060,9060,309525,226620,9060,318345,17085,479514,356364,250152,300642,9060,101703,9060,9060,14907,237657,207297,484737,482769,9060,9063,231612,202896,367380,237918,45594,246429,415302,147687,196905,486795,444792,116514,9060,55929,465360,296403,27984,451905,411666,9060,64023,9060,9060,70473,371046,60225,70827,416229,9060,248325,207870,9060,115161,489996,9060,49524,274788,46845,400692,470649,449805,192705,447414,97119,341097,343455,9060,108783,467433,372300,206232,11874,419442,416229,13215,424995,390627,366456,192069,409677,137931,127767,9060,208296,464226,169296,33519,9060,9060,164310,78687,175881,226236,392958,240423,468408,9060,110259,407442,112548,188016,9060,280401,9060,9060,503340,72651,288855,9060,335409,318969,298461,9063,9060,150090,103104,489603,399093,310932,11874,305271,75351,9060,25368,176154,9060,115374,9060,317208,9060,375972,9060,9060,177732,36666,310272,114402,219504,20556,278202,284853,340809,337167,65901,9060,229791,131412,472917,138186,38580,9060,147315,239625,417804,19158,397170,218316,160473,11049,9060,277089,41691,180822,456744,477303,423234,319296,349287,283782,265215,173259,209367,396747,9060,183984,410181,216306,163365,443430,314403,295080,30957,9060,9060,159144,45066,46845,9060,76971,245925,62382,337878,489324,102363,266325,205761,91437,315261,290259,133356,9060,401532,102345,9060,339624,115188,9063,349992,140367,272373,9060,340188,132396,9060,321078,382494,266541,322485,464739,45540,79821,319410,173181,248880,26241,112458,355029,440493,141885,9060,9060,247929,40281,99861,99699,429606,437535,350322,120522,141504,9060,414984,9060,307317,9063,9060,9060,335871,93798,193545,9060,78900,406005,431427,9060,280650,379359,68325,20724,9060,224934,304563,430698,110802,111249,286350,144348,478512,9060,314451,388515,9060,9063,9060,32493,195528,69615,9060,385392,395508,370449,92838,9060,24816,9060,120588,434910,265794,42630,9060,9060,121269,256998,443775,345984,9060,242922,102876,372207,303837,158283,239979,474210,435489,150033,115509,460026,502581,58524,34719,417960,243516,9060,9060,480948,9060,433074,277863,70932,100767,72801,200988,57222,218310,418257,150234,167913,324225,9063,195906,9060,92838,9060,9060,237051,382947,390420,9060,9060,91170,9060,401532,426036,77355,458487,129258,9060,377214,468636,9060,79485,261978,400197,373359,9060,9060,114354,381756,216309,285060,9060,496233,92589,9063,338610,188118,9060,9060,309354,365196,9060,256269,66495,268398,38346,26091,60117,9060,370080,236505,145554,249948,464970,145905,301443,169425,16134,9060,114744,297996,474981,9060,226299,9060,408303,440454,405678,426828,9060,9063,129237,474411,254217,395412,9060,441246,437844,425433,9060,186987,180021,393957,394866,405813,63318,480000,424794,256974,313188,238947,457968,310932,332064,413523,216477,9060,310224,428946,158616,9060,203010,255639,388488,9060,225963,9060,449775,9060,190128,151128,51153,58458,466539,9060,9060,9060,125886,331584,248220,394887,9060,62709,9060,9060,145464,9060,9060,323733,433701,171702,9060,9060,9060,9063,192423,114636,250566,306822,90876,9060,442200,421458,128184,84768,9060,148401,9060,330183,262485,237210,334008,51321,268590,194346,65166,9060,428076,9060,9060,9060,473943,49503,378663,129972,39657,120699,460695,318114,339639,383739,400560,288645,464166,30972,177555,268827,82863,9060,288522,65187,88788,244176,9060,294171,9060,283449,171336,48585,360141,436302,97221,460974,74451,115509,391794,9060,9060,290949,9063,232476,9060,192612,468048,83364,361515,9063,332103,20088,353733,53412,364686,221877,389916,63567,9060,66315,188001,316527,121074,416091,9060,410454,360522,500385,208905,9060,9060,196665,429057,455232,492258,9060,180093,268944,469998,9060,9063,9060,9060,284853,272001,144033,9060,492741,287313,9063,390228,209265,9060,122364,9687,377214,123471,73164,260841,234978,215499,136419,25368,468987,178530,82428,426159,104064,9060,325689,197523,367164,118362,119475,344544,300369,308025,267258,229404,310683,91764,323673,260961,82020,338760,66204,202239,340668,346374,18072,249291,9063,394557,260730,154398,502539,215952,342684,424917,167463,352788,106551,46092,463497,180003,199428,374364,9063,354318,123087,428868,394794,365970,56634,20772,453243,449775,109905,237708,452931,137742,311610,9060,462552,92889,9060,9060,46635,9063,9060,307635,9060,128949,318339,364335,296841,33972,196320,193953,9060,9060,145521,195297,9060,112800,427380,501996,103104,165492,235434,237228,463170,356808,9063,267021,9060,236106,135141,9060,27108,9060,135315,397206,186885,394740,276708,21759,285237,9063,228429,222015,9060,251019,36288,329415,476199,9060,145821,228624,9063,295218,33519,93690,227508,9060,336948,130377,435165,84063,374856,248220,87237,427443,452571,9060,136938,48222,190269,138477,359046,9060,489165,116169,9060,446004,68070,9366,407718,385596,466431,123660,315018,9060,473487,189480,491157,438285,182928,459501,456702,173061,416076,289812,9060,172878,33030,9060,241527,264864,116829,235941,114216,9060,127980,207255,300411,9060,9060,220791,479583,405912,23166,217026
2,141396,9060,9060,9060,9060,9063,9060,9060,9063,209727,190206,9063,9060,9060,291861,397587,9063,9060,9060,9060,9063,30957,9060,9063,9063,9063,9060,235896,9060,9063,9066,9063,9060,9060,9060,9063,232635,89289,9060,220056,9066,9060,18303,238683,442494,9063,288150,9060,9060,9066,9066,316083,9060,68964,9060,212493,387993,9060,9060,9060,250722,331395,9066,192354,111648,9060,9060,77160,402057,66816,9063,438078,9060,9063,9060,9060,9060,9060,335727,172692,9060,9060,275979,9063,9060,360015,9066,132201,9060,498336,9060,70827,9060,9060,9060,9063,431502,372234,227523,9060,9060,9060,9063,9060,9060,325488,9060,184218,9060,494673,9063,9063,402129,9066,396552,9063,9066,9060,9060,12807,365604,9060,9060,9060,502539,9060,445665,9063,54960,14394,241605,277842,9060,9060,9060,9060,501528,398106,166014,9060,9060,9060,207189,9060,309585,9063,9063,9060,9060,360306,9063,9060,9060,9066,9060,9060,9060,9060,343674,9060,338904,9060,9060,171687,9063,9063,9060,9063,39189,9060,485568,140763,25728,9060,237501,9060,403977,208389,109398,9060,9060,9060,408633,9063,443529,277863,9060,9063,9060,217260,337131,114669,126045,9060,374856,9060,369060,9063,234150,212706,476769,9060,9060,316656,9060,251214,9063,409572,9060,9063,9060,9060,9060,9060,9060,9060,9063,9060,9060,102018,9060,22128,9063,412890,9060,9060,9060,9063,9063,439599,9060,136731,9060,9060,9063,388170,9063,9060,9063,9066,9063,9063,322440,308199,9060,9060,9060,438579,9060,9060,9060,206562,308523,456207,9063,241416,9060,9060,220797,468402,125373,184932,9063,146820,9060,46275,334233,9066,9060,465927,9060,207978,9060,9060,9063,9060,9060,452496,14244,31983,9066,9060,9066,9063,9063,383895,9060,9063,9060,9060,9063,9060,9060,9060,9063,299685,454266,9060,9063,84765,103845,9063,487551,314157,89706,9060,9060,9060,9060,439650,122988,9060,275865,216309,9063,9060,493761,9060,9060,27381,9060,9063,9060,9063,452694,9060,9060,406278,460341,9060,91002,452076,9060,9060,289920,216561,9060,9066,64140,283887,456585,9063,9060,9060,419097,9066,274368,9060,9063,97617,484080,9060,9060,203082,427749,9060,9060,9060,27633,9060,449043,9066,9063,9060,9063,9063,258723,25320,9060,9060,9063,443520,241260,9063,9063,9060,9060,9060,9060,262236,9060,9060,281874,9063,134607,9060,9060,248031,9060,424899,9060,9063,9060,197379,9060,213105,9060,432966,173496,9060,148002,492747,9060,9060,445332,235815,9066,9063,13950,337308,63474,9063,9063,9060,102363,9060,9060,234549,9060,9060,9060,9060,9060,102504,9060,9060,9060,158055,9063,382524,9063,396624,92910,9060,9060,452325,9063,9060,382782,9060,329589,75699,9060,9060,63864,9063,9063,426036,9060,217230,9060,9060,202494,9060,9060,9063,9063,9060,9063,167322,500052,9063,201429,9060,9060,9060,9060,9060,9060,317562,15051,9063,9063,192183,458574,9060,9060,9060,9063,9063,300432,9060,9060,352530,9063,9060,9063,106131,497823,9060,204954,9060,9060,193215,9063,421539,9063,113409,88449,483126,9063,9060,163089,9063,394383,348888,9063,433545,9066,163143,166098,9060,9060,443874,9063,355947,9060,432402,9063,56655,9060,263163,9063,255978,9063,166656,75423,9060,192894,9060,9060,459678,191229,33195,377079,9063,9063,9060,466257,388125,9060,9060,354501,9066,9063,9063,9060,315852,268944,261525,9060,9063,9060,230304,9060,195849,417897,255828,9060,367554,9060,9060,9063,192099,9060,9060,9063,9060,9060,9060,9063,339354,9063,320169,328386,9063,340614,9063,9063,9060,394893,9060,9060,494556,211320,9060,9060,9063,501984,89022,9063,9063,9060,464082,351090,9060,9063,428127,324081,368880,486774,9060,9060,9060,9060,9063,9060,9063,260766,9060,9063,9060,354390,9060,320496,9060,9063,9066,20262,9060,282210,9063,9060,9066,9060,9060,9060,485361,9060,9060,9060,419385,133986,9063,9063,9060,214971,437073,383496,9066,200703,9060,40938,9063,212268,204459,9060,9063,9060,45594,400386,9060,9063,9063,9060,160617,448479,60528,66135,9060,469182,9060,9060,9060,9060,9060,221937,217035,9063,9060,9063,9060,9063,9060,9060,9063,9063,9063,9060,9063,43773,9063,9060,9060,9060,9060,9063,9060,9060,9060,9060,9063,9060,222807,9060,352584,387993,72855,9060,9060,9060,294909,9060,9063,9060,480525,9060,84672,9060,9060,9060,9060,200355,266187,9060,132255,245307,120222,186282,90522,9060,52158,9060,9060,9060,9066,9060,38442,346146,9060,9063,324657,9063,9060,243012,9060,9060,9063,211218,9063,263598,156087,9063,9066,135909,227877,189438,49383,9063,9060,9060,9060,9060,9060,130356,84180,9063,9060,9060,9063,355401,330540,497523,230040,9063,9060,9063,9060,9060,93555,101034,141432,9060,409101,9060,9066,9060,9060,9063,9063,9060,296841,9060,9066,9060,9060,9063,9060,9060,9063,460062,313617,9060,485394,9066,9060,9063,9060,43560,148170,349611,9060,230175,9060,9063,9060,9060,9063,9060,9063,9060,9060,9060,9060,252732,310098,9063,9060,30006,16104,9063,231702,9060,9060,9060,9063,9063,403491,9060,9060,9060,253542,9063,9060,9063,9060,423012,9060,9060,9060,9063,9063,275040,9060,9060,485028,187671,9060,441372,9060,9063,9060,9060,9060,9063,9063,348570,9060,9066,9063,76902,345762,144351,9060,76722,9060,225360,9060,397074,9063,301371,9060,9066,9063,474837,9060,318573,9060,9063,9060,9060,9063,9063,9066,143430,9060,234906,462489,377715,9060,9060,9060,9063,9063,9060,90738,433650,438660,9063,194346,207756,168849,359565,9060,9060,9060,9063,9066,433338,366042,9063,9063,9060,9060,147537,9063,177759,9063,9063,118593,9060,9060,9066,443898,9063,9060,383073,112494,9060,9063,9060,9060,9060,9060,430128,9063,9060,9063,324582,9060,9060,463497,471486,419451,9060,9063,9063,9060,9060,127857,66495,9060,9066,9063,9063,455559,9060,341661,322656,9060,331584,96828,471654,9060,9060,210237,9060,9060,9060,9066,424560,486423,9060,9063,9060,9060,9060,254271,9060,9060,465012,225045,50370,9060,9060,120990,9066,9063,9066,187842,9060,9063,9063,9060,9060,9060,9066,9060,9063,41220,443982,315132,9060,9063,9060,9060,9060,9060,140937,9063,465519,499743,9063,9063,19353,177663,9060,309321,9063,414384,9060,9063,9063,416451,9060,9060,38814,9063,9060,90195,9060,9063,324303,65226,9060,9060,9060,203124,9063,311484,9060,9063,230304,9063,9060,40440,9063,9060,22845,9060,9060,240951,9060,9060,9063,9063,9063,9063,271218,9060,9060,9060,9060,9060,9063,9060,9060,446277,9060,203082,394293,9060,405648,9063,9060,52521,9060,9060,9063,9060,9063,9060,117099,9060,9060,248625,9063,9060,9060,43476,9060,9060,449286,9063,9063,9060,9060,278844,9060,9063,9060,9060,9060,9060,9060,422004,145530,9060,9060,404568,9060,483549,9060,217866,335229,9060,9060,417462,9063,164187,9063,9060,9060,70410,450237,261882,71559,9060,9060,9060,297468,9063,9060,9063,249951,9060,9060,9060,9063,408690,155202,122157,9060,9060,9060,9063,250905,280305,9063,338514,9060,213807,287622,9060,470475,9060,9060,9063,9060,9060,9060,351270,9060,9063,9060,9060,9060,9060,66828,425838,9060,332541,9060,9063,9063,9063,9063,9060,9063,9060,369312,9063,9060,182358,9063,123831,9060,9060,392646,85092,441741,220365,150990,9060,9060,9060,9063,9060,9060,9063,9060,9063,458178,119445,27126,84036,9060,498171,9060,9066,390258,330228,261234,9060,237600,9060,366519,134106,9060,9060,185253,9060,483375,9060,9060,9066,9060,9060,9060,9063,9063,9060,9060,9060,432030,471387,9063,407013,9060,9063,9063,9063,9060,225627,9060,9060,42669,9063,9060,9060,9063,171033,9060,17112,9060,278712,9063,9060,9060,9060,9060,9060,9060,9063,9060,9060,9060,387993,9060,9063,9060,305052,37770,9060,9063,9060,464241,227835,489159,9060,88782,9060,9060,9060,9063,9060,9060,9060,9063,9063,121029,336105,109629,30255,9060,9060,9060,326646,322125,9060,9066,354378,9060,9060,9063,361542,9060,9063,9060,9060,204600,9060,9063,9060,9060,9060,9063,9063,484707,9060,9060,503754,462075,9063,296583,73788,9063,9063,9060,9060,9063,84603,9060,9060,100863,313092,345762,368193,425247,9060,9060,9063,9060,9060,9060,9060,9060,234519,9063,434937,9066,464310,250665,377436,9060,380649,9060,218118,9060,39339,9060,9060,271701,9063,344505,9060,9060,9060,476034,9060,237873,9060,9060,9060,89790,9063,9060,9060,9063,9060,9060,9063,358509,9060,378201,177525,464739,166287,9060,9060,9063,9060,403356,9060,9066,361758,414714,9063,9060,9063,9060,9060,9060,9060,9060,385968,9066,124158,9063,23568,249951,9063,198513,9063,9060,9060,9063,486717,9060,9060,460335,421542,103773,9063,9060,168948,9063,9060,310110,9063,9063,9063,9063,9063,9060,9063,51567,9063,62721,9066,9060,9060,9063,9060,9060,9060,216186,9060,166536,9063,492852,9063,347187,9060,183033,443145,9063,9060,9060,480531,9060,9060,9066,9060,9060,9060,44715,9063,9063,9060,9066,155478,170928,9060,9060,418182,9066,9060,9060,9060,9060,9060,416532,9060,355401,210588,9060,22803,456936,9060,175080,9060,9063,226548,9063,300765,9063,9060,188652,9060,9060,9060,9063,9060,128637,9063,9060,9063,9063,9060,157518,69354,141432,9066,144084,9063,9060,9060,109899,9063,253764,9060,9060,9060,9063,9063,9060,431070,331635,171930,9060,9060,372240,447927,68115,9060,450711,9060,9063,9060,191586,495471,82017,9060,330318,183162,82308,9066,9060,9060,9060,9063,9060,9063,63036,9060,9063,9060,493509,444864,9060,87957,45933,204561,9060,9063,73638,9060,9063,161973,9063,9063,9060,9063,502866,9066,9060,72792,9060,452844,9060,9060,163098,9066,9060,404460,9060,9063,9060,406884,9063,9060,9060,9060,327618,9060,311058,9060,9060,475959,9060,9063,148935,9060,9066,9060,317001,385491,456480,9060,43752,169872,9066,9060,463497,251967,9060,9060,9066,9060,43104,9060,228180,145044,9060,415827,9063,9060,304431,67569,9060,9063,9060,309447,305364,9063,9063,9060,9060,9063,9060,9063,120330,9060,385635,9060,9060,9060,9060,276693,140598,9060,9063,9063,60306,393117,9060,9060,344094,482838,9063,306372,269838,9063,183162,212340,288423,489945,184941,9063,9063,268857,9063,456150,9066,9063,9060,60909,9060,261234,39021,444531,9060,372402,9060,487635,9063,9066,492234,179187,188253,9060,9063,9060,66315,9060,162462,9063,9060,9060,9060,9060,9060,75492,371229,9060,468672,421485,9060,9060,85086,422970,466380,9060,154377,9066,9063,9060,9060,314751,300102,9060,9060,9060,9063,9060,145764,9066,9063,307956,9060,9063,9060,9060,9060,9063,9060,9060,9060,11838,273267,102504,136050,9060,143073,9063,9060,9060,9060,9060,9063,9060,9060,254556,344157,235731,9060,488997,9063,9063,9060,9063,386193,9060,9066,9066,9060,9066,25950,124320,137241,9063,284499,9063,153102,464454,9063,9060,9060,9060,9060,341613,9060,9060,9060,9060,9060,114774,9060,403233,219285,9060,405084,9060,305079,9060,9060,497580,9060,9060,9063,303936,275256,349224,9060,9060,9060,9060,9060,170796,9060,9060,9060,301743,9063,9060,112200,441618,9060,9060,378666,9066,397890,274860,9060,9060,9060,9063,141069,492297,9063,434397,9060,9060,9060,9060,9060,190329,9060,191511,9060,9060,9066,9063,489621,9060,9060,9063,9063,347853,9060,9060,9063,9063,9060,9060,45381,9060,376704,9060,412188,9060,9060,9063,9060,9060,9060,199950,374847,9060,9063,83361,9060,9060,41262,446946,9063,9063,9060,211503,93690,9063,9063,417114,9063,9063,287820,125337,413232,9060,9063,9063,9060,494697,157479,9060,9060,9063,9060,314340,433995,9060,9060,153402,9060,9063,50196,9063,26196,9063,9060,9060,9060,9063,59178,47562,458157,9060,377685,9063,9060,400089,112320,73992,9060,9063,9060,9060,59388,27828,343122,416298,83361,9060,9063,287514,9060,9060,9063,9060,248853,9060,121752,464625,117528,293736,9063,9063,9060,9063,9063,9060,9060,65310,9063,9060,9063,9060,284538,9060,9060,9060,9063,9060,9060,9060,9063,9063,299826,9060,9063,207141,434070,9063,9060,442494,351615,276717,9060,9063,9060,9060,57324,138207,342975,9060,45792,9063,9060,82200,9060,120486,9060,233658,9063,9060,9063,466719,9060,490335,255030,483927,9060,9060,62316,9060,362259,9063,9060,9060,9063,9060,312147,9060,426312,9063,9060,9060,9060,284337,252030,455931,37209,52632,9060,9063,198966,240807,234825,9063,9066,9063,125757,9060,9063,9063,9060,9063,9060,294909,464877,9063,9060,9066,9060,216930,11937,9060,336324,9063,438216,476664,9063,9063,9063,413232,223698,9060,9060,9060,9060,434760,301827,389049,231147,9063,32385,9060,187206,9063,321849,9060,9060,218760,424560,9060,36627,9153,9060,9060,127905,443124,57942,500385,9060,396942,9060,200640,9060,32430,9060,9060,9066,148488,9063,9060,9066,9060,188001,308034,477744,9063,9060,9060,9060,9063,9060,9060,9060,9060,9063,56304,9060,320505,9060,9060,235005,9063,9060,9060,192522,9060,464286,9060,9063,469560,9060,388587,9063,9063,9060,9060,363390,424377,9060,9060,121137,9063,9060,478686,9063,425559,309108,9060,9063,9060,9063,9060,133467,411348,9060,9060,9063,9060,348207,9063,166416,211371,405177,443721,9063,9060,9063,257493,9060,9063,9060,9063,218163,9063,9063,285756,9060,9060,479808,9060,9060,9060,9063,9060,9060,9063,9060,255693,172137,9063,9060,9060,9060,9060,9060,9063,384081,9060,9063,133626,9060,9060,465654,432261,160500,9060,9063,62052,9063,195855,76695,9063,351789,407088,267420,428418,309228,9063,9063,386670,199548,26799,9060,9066,9060,9060,9060,9060,217329,158283,9063,404715,9063,34953,9060,9063,9060,12855,9063,170814,9063,9063,9060,9060,163521,9063,9060,9060,9060,9060,331017,212646,9063,9060,427056,32973,9060,166941,164187,384168,23502,9063,9060,26253,255663,9063,9060,9063,138906,121308,411741,237195,407559,9063,9060,9066,493392,9063,9060,9063,9060,9060,9060,9063,386862,9060,496674,424995,9060,234759,9060,441450,400101,422826,322374,9063,9063,9060,213018,9063,126663,318207,210588,9060,9060,163272,9063,9060,9063,9063,9060,12807,9060,443661,9060,9063,9066,226923,117918,9060,9060,233670,156642,284904,260847,100176,9060,208968,400518,9063,9060,170028,46440,9060,9060,9060,9063,473301,9063,9063,276267,337935,9060,9060,359121,9063,9060,9060,9063,364590,405585,9063,9060,9060,447498,9060,9060,70269,354225,468402,317982,9060,381780,9063,317706,171834,9060,9060,129258,276735,25203,9060,9060,9060,9060,9060,218388,93030,9060,9063,472581,9060,9060,9060,9063,9063,9060,151128,9060,9060,9060,320214,9060,9063,9060,477249,9060,9060,9063,9060,9063,9063,169425,9060,15552,9063,80997,291852,9060,9066,9063,9060,9060,211353,123099,9060,255990,108303,33174,9063,9060,9060,9063,371817,9063,9060,9063,9060,9063,9063,9060,9060,103809,9060,9060,9060,9060,9060,9060,9060,9060,9063,299733,9060,9060,393684,146289,9063,9060,189267,9060,9060,304119,9060,356049,9060,9063,399081,9060,9060,503796,44487,9060,14013,9060,9060,241680,282210,9060,427056,9063,9060,9060,251745,9060,9060,9060,278844,193002,9063,9063,45114,9060,263961,9063,401478,27627,467664,9060,9060,9060,355014,9060,352584,9060,9060,9060,9063,9060,9060,9063,9060,448491,9066,324822,102876,341382,9063,9060,198000,9063,195789,376476,184203,9060,9060,9060,310320,9060,9060,9060,247701,449997,9060,9060,75996,9063,9063,167961,9060,9060,9060,463554,9060,248553,9060,445680,9063,9060,9063,9060,9066,9063,9063,215832,246639,9060,9063,9060,148632,244983,9063,9060,441474,9060,268905,9063,9060,121917,9060,381066,376515,9060,140073,9060,9063,9060,285090,9063,9066,9063,9060,9060,9060,9063,478542,84990,223788,432402,9063,9060,9063,376791,9060,77838,136353,9063,9063,9060,9060,9060,266325,9063,9060,414063,9060,69111,9060,9060,9060,379101,373881,9060,9060,9060,9060,110067,9060,326190,9063,9063,9060,9063,9060,9060,78510,422088,9060,230997,286635,9060,9060,9060,420363,130377,9066,9060,9063,243420,9063,9063,9060,367086,288705,9063,9063,460128,9063,9060,9060,494889,151479,9060,9063,9060,26253,9063,305688,9060,147726,455559,9063,9063,9060,207978,357249,97584,9063,9060,411459,9066,464286,500037,9063,9063,154272,150354,9063,495873,9060,491508,63474,264930,9060,9063,193215,9060,9060,205959,9060,62301,9060,482421,9060,9063,9060,108303,9060,9063,264279,9063,113712,40110,481329,267957,9063,9066,159309,9060,246219,9060,9063,264024,254913,260709,9063,9060,65103,9060,9060,347853,117837,9060,9060,9060,150354,12243,300372,420414,490617,112536,284913,9063,9060,9060,169278,9063,9060,282171,13365,9063,9060,9063,9060,9063,189531,9060,9060,337542,499950,9063,9063,9063,9060,253695,81138,9060,9063,9060,9063,9063,90828,9063,9063,498780,22710,502812,9063,9063,9063,9066,9060,9060,9060,9060,268026,9063,18303,9060,9060,333312,9063,145986,9063,9060,118167,9060,9060,9060,374532,141420,9060,9063,9060,9063,9063,9063,9060,148992,9060,478986,234711,140466,371541,9060,421791,9060,435393,9060,9060,9060,195570,9060,322419,9063,9060,500283,136887,9060,9063,9060,9063,9060,315846,456150,480720,475206,249732,9060,9060,37284,439899,9063,9063,373260,9066,9060,9063,441237,9060,70800,9060,9066,236910,217230,82719,9060,9060,9060,286449,498213,9063,9060,369786,73320,9060,9060,9063,375456,9060,423648,9060,9063,9063,9060,9060,355143,201225,9063,9060,144426,376533,9063,9066,9063,9063,9060,312381,417657,9063,336948,9060,9066,266901,215703,9063,9060,111438,14013,457431,279828,304074,9060,177663,332064,9060,9060,444996,365970,125193,75738,9063,9060,9060,9060,91005,9060,264186,9060,396702,9060,9060,373575,494484,9060,84201,9060,209655,258705,9060,394218,233616,9060,462543,9066,9060,9060,314961,143637,9060,9060,9060,9060,9060,432708,490947,9060,9060,462552,15075,9066,9060,9060,245316,479478,9060,9060,9060,9060,163098,365064,341430,441690,422964,121443,9063,9060,267777,9063,9063,100380,9066,9063,162810,9063,9060,9060,143751,9060,9060,87510,9060,9063,9063,30537,9060,9063,9060,291156,9060,9060,166221,480378,9060,184941,9060,9066,9060,9063,212307,9060,9063,9060,9063,9060,410322,404973,450108,331395,289971,357750,9066,448368,9060,9063,405015,448362,9060,9060,9063,9060,65595,9066,70497,9060,10131,9744,9063,9060,393957,9060,9060,9060,152073,9060,387822,24342,9063,501477,9060,9060,100185,255831,9063,312069,501879,9063,24540,329880,359007,9060,9060,233253,333093,365823,9063,441489,9060,451005,9060,362586,9060,9060,9060,413022,464877,9063,9060,9060,9063,322791,9060,9060,453387,69756,9063,9060,192252,9060,9063,9063,9060,394293,16368,9060,9060
3,9060,9063,9063,9063,9063,9066,9063,9063,9066,403149,9060,9066,9063,9063,9060,431190,9066,9063,9063,9063,9066,9060,9063,9066,9066,9066,9063,9060,9063,9066,9069,9066,9063,9063,9063,9066,9060,9060,9063,9060,9069,9063,9060,175491,9060,9066,9060,9063,9063,9069,9069,397791,9063,9060,9063,9060,9060,9063,9063,9063,9060,9060,9069,9060,9060,9063,9063,9060,9060,9060,9066,97089,9063,9066,9063,9063,9063,9063,9060,9060,9063,9063,9060,9066,9063,9060,9069,9060,9063,9060,9063,9060,9063,9063,9063,9066,9060,9060,9060,9063,9063,9063,9066,9063,9063,9060,9063,9060,9063,9060,9066,9066,9060,9069,9060,9066,9069,9063,9063,9060,9060,9063,9063,9063,9060,9063,9060,9066,9060,305271,9060,9060,9063,9063,9063,9063,20925,9060,9060,9063,9063,9063,9060,9063,184263,9066,9066,9063,9063,9060,9066,9063,9063,9069,9063,9063,9063,9063,9060,9063,9060,9063,9063,367848,9066,9066,9063,9066,9060,9063,9060,9060,434487,9063,9060,9063,9060,9060,9060,9063,9063,9063,9060,9066,9060,417804,9063,9066,9063,9060,9060,11484,9060,9063,9060,9063,9060,9066,9060,9060,9060,9063,9063,9060,9063,9060,9066,441084,9063,9066,9063,9063,9063,9063,9063,9063,9066,9063,9063,9060,9063,329415,9066,9060,9063,9063,9063,9066,9066,9060,9063,9060,9063,9063,9066,9060,9066,9063,9066,9069,9066,9066,9060,9060,9063,9063,9063,9060,9063,9063,9063,9060,9060,89658,9066,9060,9063,9063,9060,9060,266907,9060,9066,9060,9063,9060,9060,9069,9063,9060,9063,9060,9063,9063,9066,9063,9063,9060,9060,9060,9069,9063,9069,9066,9066,9060,9063,9066,9063,9063,9066,9063,9063,9063,9066,9060,360441,9063,9066,9060,9060,9066,9060,9060,9060,9063,9063,9063,9063,159147,9060,9063,9060,9060,9066,9063,9060,9063,9063,269838,9063,9066,9063,9066,9060,9063,9063,9060,9060,9063,9060,9060,9063,9063,37485,9060,9063,9069,110457,9060,9060,9066,9063,9063,9060,9069,273972,9063,9066,34077,255978,9063,9063,9060,9060,9063,9063,9063,9060,9063,9060,9069,9066,9063,9066,9066,9060,9060,9063,9063,9066,251433,9060,9066,9066,9063,9063,9063,9063,9060,9063,9063,9060,9066,9060,9063,9063,76335,9063,145302,9063,9066,9063,9060,9063,9060,9063,9060,9060,9063,9060,9060,9063,9063,9060,9060,9069,9066,9060,9060,9060,9066,9066,9063,9060,9063,9063,9060,9063,9063,9063,9063,9063,434220,9063,9063,9063,9060,9066,9060,9066,9060,82011,9063,9063,9060,9066,9063,9060,9063,333912,9060,9063,9063,9060,9066,9066,17112,9063,9060,9063,9063,9060,9063,9063,9066,9066,9063,9066,9060,9060,9066,9060,9063,9063,9063,9063,9063,9063,294120,9060,9066,9066,9060,9060,9063,9063,9063,9066,9066,9060,9063,9063,9060,9066,9063,9066,9060,9060,9063,9060,9063,9063,434742,9066,174411,9066,9060,9060,453198,9066,9063,9060,9066,9060,361050,9066,9060,9069,9060,392928,9063,9063,9060,9066,9060,9063,9060,9066,9060,9063,9060,9066,326280,9066,9060,9060,9063,9060,9063,9063,9060,9060,9060,9060,9066,9066,9063,9060,9060,9063,9063,9060,9069,9066,9066,9063,9060,9060,9060,9063,9066,9063,9060,9063,9060,9060,9060,9063,324165,9063,9063,9066,9060,9063,9063,9066,9063,9063,9063,9066,9060,9066,9060,9060,9066,9060,9066,9066,9063,9060,9063,9063,9060,9060,9063,9063,9066,9060,9060,9066,9066,9063,205959,9060,9063,9066,9060,9060,9060,9060,9063,9063,9063,9063,9066,9063,9066,9060,9063,9066,9063,248841,9063,9060,9063,9066,9069,442233,9063,9060,9066,9063,9069,9063,9063,9063,9060,9063,9063,9063,9060,144513,9066,9066,9063,9060,9060,9060,9069,9060,9063,452844,9066,353733,9060,9063,9066,9063,9060,401154,9063,9066,9066,9063,9060,9060,9060,9060,9063,9060,9063,9063,9063,9063,9063,9060,9060,9066,9063,9066,9063,9066,9063,9063,9066,9066,9066,9063,9066,208905,9066,9063,9063,9063,9063,9066,9063,9063,9063,9063,9066,9063,9060,9063,9060,9060,9060,9063,9063,9063,333381,9063,9066,9063,395190,9063,9060,9063,9063,9063,9063,9060,9060,9063,9060,9060,9060,9060,9060,9063,82794,9063,9063,9063,9069,9063,141762,228594,9063,9066,9060,9066,9063,20547,9063,9063,9066,9060,9066,9060,9060,9066,9069,9060,9060,9060,9060,9066,9063,9063,9063,9063,9063,9060,9060,9066,9063,9063,9066,9060,9060,24342,9060,9066,9063,9066,9063,9063,9060,71577,210540,9063,9060,9063,9069,9063,9063,9066,9066,9063,9060,9063,9069,9063,9063,9066,9063,9063,9066,9060,9060,9063,9060,9069,9063,9066,9063,9060,9060,9060,9063,9060,9063,9066,9063,9063,9066,9063,9066,9063,9063,9063,9063,9060,9060,9066,9063,9060,9060,9066,9060,9063,9063,9063,9066,9066,9060,9063,9063,9063,9060,9066,9063,9066,9063,9060,9063,9063,9063,9066,9066,9060,9063,9063,9060,440793,9063,9060,9063,9066,9063,9063,9063,9066,9066,404283,9063,9069,9066,9060,9060,310620,9063,9060,9063,9060,9063,9060,9066,9060,9063,9069,9066,9060,9063,9060,9063,9066,9063,9063,9066,9066,9069,9060,9063,9060,9060,9060,9063,9063,9063,9066,9066,9063,9060,9060,9060,9066,9060,9060,9060,9060,9063,9063,9063,9066,9069,9060,9060,9066,9066,9063,9063,9060,9066,9060,9066,9066,9060,9063,9063,9069,9060,9066,9063,9060,9060,9063,9066,9063,9063,9063,9063,9060,9066,9063,9066,9060,9063,9063,361866,9060,9060,9063,9066,9066,9063,9063,9060,9060,9063,9069,9066,9066,9060,9063,9060,9060,9063,28299,9060,9060,9063,9063,9060,9063,9063,9063,9069,9060,9060,9063,9066,9063,9063,9063,9060,9063,9063,9060,9060,9060,9063,9063,9060,9069,9066,9069,9060,9063,9066,9066,9063,9063,9063,9069,9063,9066,9060,258552,9060,9063,9066,9063,9063,9063,9063,9060,9066,9060,9060,9066,9066,9060,9060,9063,9060,9066,9060,9063,9066,9066,9060,9063,9063,9060,9066,9063,9060,9063,9066,9060,9060,9063,9063,9063,9060,9066,9060,9063,9066,48027,9066,9063,232173,9066,9063,9060,9063,9063,9060,9063,9063,9066,9066,9066,9066,9060,9063,9063,9063,9063,9063,9066,9063,9063,9060,9063,22830,9060,9063,9060,9066,9063,9060,9063,9063,9066,9063,9066,9063,9060,9063,9063,9060,9066,9063,9063,9060,9063,9063,9060,9066,9066,9063,9063,9060,9063,9066,9063,9063,9063,9063,9063,9060,9060,9063,9063,305079,9063,145554,9063,213183,9060,9063,9063,386430,9066,56577,9066,9063,9063,9060,9060,9060,9060,9063,9063,9063,9060,9066,9063,9066,9060,9063,9063,9063,9066,9060,9060,9060,9063,9063,9063,9066,9060,9060,9066,9060,9063,363747,9060,9063,9060,9063,9063,9066,9063,9063,9063,9060,9063,9066,9063,9063,9063,9063,9060,9060,9063,9060,9063,9066,9066,9066,9066,9063,9066,9063,9060,9066,9063,130839,9066,9060,9063,9063,90027,9060,9060,9060,9060,9063,9063,9063,9066,9063,9063,9066,9063,9066,9060,9060,486924,9060,9063,9060,9063,9069,9060,9060,9060,9063,9060,9063,9060,9060,9063,9063,9060,9063,50070,9063,9063,9069,9063,9063,9063,9066,9066,9063,9063,9063,9060,9060,9066,9060,9063,9066,9066,9066,9063,9060,9063,9063,440454,9066,9063,9063,9066,9060,9063,9060,9063,9060,9066,9063,9063,9063,9063,9063,9063,9066,9063,9063,9063,9060,9063,9066,9063,307389,9060,9063,9066,9063,9060,117639,9060,9063,9060,9063,9063,9063,9066,9063,9063,9063,9066,9066,9060,9060,9060,9060,9063,9063,9063,253572,9060,9063,9069,405120,9063,9063,9066,9060,9063,9066,9063,9063,324657,9063,9066,9063,9063,9063,9066,9066,9060,9063,9063,9060,9060,9066,9060,9060,9066,9066,9063,9063,9066,9060,9063,9063,261525,9060,9060,9060,9060,9063,9063,9066,9063,9063,9063,9063,9063,9060,9066,9060,9069,138963,9060,9060,9063,9060,9063,9060,9063,9060,9063,9063,9060,9066,310785,9063,9063,9063,9060,9063,9060,9063,9063,9063,9060,9066,9063,9063,9066,9063,9063,9066,30993,9063,9060,9060,9060,209061,9063,9063,9066,9063,9060,9063,9069,9060,9060,9066,9063,9066,9063,9063,9063,9063,9063,9060,9069,9060,9066,9060,9060,9066,9060,9066,9063,9063,9066,9060,9063,9063,9060,229881,381561,9066,9063,9060,9066,9063,299298,9066,9066,9066,9066,9066,9063,9066,9060,9066,9060,9069,9063,9063,9066,9063,9063,9063,9060,9063,9060,9066,9060,9066,9060,9063,9261,9060,9066,9063,9063,9060,9063,9063,9069,9063,9063,9063,9060,9066,9066,9063,9069,9060,478041,9063,9063,9060,9069,9063,9063,9063,9063,9063,9060,9063,219564,9060,9063,9060,9060,9063,9060,9063,9066,9060,9066,9060,9066,9063,9060,9063,9063,9063,9066,9063,9060,9066,9063,9066,9066,9063,9060,9060,22932,9069,9060,9066,9063,9063,63987,9066,9060,9063,9063,9063,9066,9066,9063,9060,9060,9060,9063,9063,9060,9060,9060,9063,9060,9063,9066,9063,9060,9060,9060,9063,9060,9060,9060,9069,9063,9063,9063,9066,9063,9066,9060,9063,9066,9063,9060,9060,9063,9060,9060,457719,9063,9066,9060,9063,9066,9060,9066,9066,9063,9066,9060,9069,9063,26214,9063,9060,9063,9063,9060,9069,9063,9060,9063,9066,9063,9060,9066,9063,9063,9063,9060,9063,9060,9063,9063,9060,9063,9066,9060,9063,9069,9063,9060,9060,9060,9063,421353,9060,9069,9063,9060,448368,9063,9063,9069,9063,9060,9063,9060,9060,9063,9060,9066,9063,9060,9060,9063,9066,9063,9060,9060,9066,9066,9063,9063,9066,9063,9066,330621,9063,9060,9063,9063,9063,9063,9060,9060,9063,9066,9066,9060,9060,9063,9063,9060,9060,9066,459147,9060,9066,136020,9060,9060,9060,286989,9066,9066,155010,9066,9060,9069,9066,9063,9060,9063,9060,158514,9060,9063,9060,9063,9060,9066,9069,157632,9060,383901,9063,9066,9063,9060,9063,9060,9066,9063,9063,9063,9063,9063,9060,9060,9063,127866,9060,9063,9063,9060,9060,9060,9063,9060,9069,9066,9063,9063,9060,9060,9063,9063,9063,9066,9063,9060,9069,9066,9060,9063,9066,9063,9063,9063,9066,9063,9063,9063,9060,9060,9060,9060,9063,9060,9066,9063,9063,9063,9063,9066,9063,9063,9060,9060,9060,9063,9060,9066,9066,9063,9066,9060,9063,9069,9069,9063,9069,9060,9060,442494,9066,9060,9066,135315,9060,9066,9063,9063,9063,9063,9060,9063,9063,9063,9063,9063,9060,9063,9060,9060,9063,9060,9063,87759,9063,9063,476490,9063,9063,9066,9060,9060,9060,9063,9063,9063,9063,9063,9060,9063,9063,9063,9060,9066,9063,9060,9060,9063,9063,9060,9069,9060,9060,9063,9063,9063,9066,9060,9060,9066,9060,9063,9063,9063,9063,9063,9060,9063,19575,9063,9063,9069,9066,9060,9063,9063,9066,9066,9060,9063,9063,9066,9066,9063,9063,9060,9063,9060,9063,9060,9063,9063,9066,9063,9063,9063,343671,9060,9063,9066,9060,9063,9063,9060,9060,9066,9066,9063,9060,9060,9066,9066,9060,9066,9066,9060,9060,9060,9063,9066,9066,9063,9060,9060,9063,9063,9066,9063,9060,489429,9063,9063,9060,9063,9066,9060,9066,306849,9066,9063,9063,9063,9066,9060,388659,9060,9063,9060,9066,9063,9060,9060,9060,9063,9066,9063,9063,9060,9060,110802,9060,9060,9063,9066,9060,9063,9063,9066,9063,9060,9063,9060,302277,9060,132015,9066,9066,9063,9066,9066,9063,9063,65679,9066,9063,9066,9063,9060,9063,9063,9063,9066,9063,9063,9063,9066,9066,9060,9063,9066,9060,335946,9066,9063,9060,9060,9060,9063,9066,9063,9063,9060,9060,9060,9063,9060,9066,9063,9060,9063,375123,9063,9060,9066,9063,9066,9060,9063,9060,9060,9060,9063,9063,472641,9063,330228,9066,9063,9063,9066,9063,9060,9063,9060,9066,9063,9063,9063,9060,9060,9060,165759,9060,9063,9066,9060,9060,9060,9066,9069,9066,354225,9063,9066,9066,9063,9066,9063,9060,77838,9066,9063,9069,9063,9060,9060,9063,9060,9066,9060,9060,9066,9066,9066,9060,9060,9063,9063,9063,9063,9060,78231,9060,9060,9066,9060,9063,9060,9066,9060,9063,9063,9060,9060,9063,9060,9060,9063,9063,9060,9060,9060,9060,9063,228444,9063,9060,9063,9060,9063,9063,9069,223425,9066,9063,9069,9063,9060,9060,34434,9066,9063,9063,9063,9066,9063,9063,9063,9063,9066,9060,9063,9060,9063,9063,9060,9066,9063,9063,9060,9063,9060,9063,9066,265911,9063,9060,9066,9066,9063,9063,9060,210237,9063,9063,9060,9066,9063,9060,9066,267933,9060,9063,9066,9063,9066,9063,9060,9060,9063,9063,9066,9063,9060,9066,9060,92541,9060,9060,9066,9063,9066,9060,9063,9066,9063,9066,9060,9066,9066,9060,9063,9063,9060,9063,9063,9063,9066,9063,9063,9066,9063,35004,9060,9066,9063,9063,9063,9063,9063,9066,9060,9063,9066,481425,9063,9063,9060,9060,9060,9063,9066,9060,9066,9060,116319,9066,9060,445023,9060,9060,9060,9066,9066,63450,9060,9060,9063,9069,9063,9063,9063,9063,9060,9060,9066,9060,9066,9060,9063,9066,9063,9060,9066,9060,9066,9066,9063,9063,9060,9066,9063,9063,9063,9063,9060,9060,9066,9063,9060,9060,9063,9060,9060,9060,477129,9066,9063,9060,9060,9066,9063,9066,9060,9060,187719,9060,9060,9066,9063,9069,9060,9066,9063,9066,9063,9063,9063,9066,9060,9063,9060,9060,9063,9060,9063,9060,9060,9060,9060,9066,9066,9063,9060,9066,9060,152400,285504,9063,9063,42474,9066,9063,9066,9066,9063,9060,9063,111420,9063,9066,9069,9060,9060,9063,9063,9060,9060,9060,9060,9060,9063,9060,9060,9066,9063,9060,9060,9063,9063,9063,9066,9060,9066,9066,9060,227766,9063,9063,9060,9066,9063,9063,9066,9060,9060,9066,9063,9063,9060,9063,9063,9060,9060,9060,9060,9063,9060,9066,9060,9060,9063,9063,443661,9060,9060,9063,9063,9063,9063,9063,9060,9060,9063,9066,9060,9063,9063,9063,9066,9066,9063,9060,9063,9063,9063,9060,9063,9066,9063,9060,9063,9063,9066,9063,9066,9066,9060,9063,9060,9066,9060,9060,9063,9069,9066,9063,9063,9060,9060,9063,9060,9060,9060,9066,9063,9063,9066,9060,9066,9063,9066,9063,9066,9066,9063,9063,9060,9063,9063,9063,9063,9063,9063,9063,9063,9066,9060,9063,9063,9060,9060,9066,9063,9060,9063,9063,9060,9063,9060,9063,9066,9060,9063,9063,121206,9060,9063,398508,9063,9063,9060,9060,9063,9060,9066,9063,9063,117837,9063,9063,9063,9060,9060,9066,9066,9060,9063,43821,9066,9060,9060,9060,9063,9063,9063,249096,9063,372921,9063,9063,9063,9066,9063,9063,9066,9063,9060,9069,9060,427341,213540,9066,9063,9060,9066,470004,9060,72738,9063,9063,9063,362322,9063,9063,9063,9060,9060,9063,9063,9060,9066,9066,9060,9063,9063,9063,9060,9063,9060,9063,9060,9066,9063,9066,9063,9069,9066,9066,9060,9060,9063,9066,9063,9060,9060,9066,9063,9060,9063,9060,9066,9063,9060,9063,9060,9060,9063,9060,9063,9066,9063,9060,9066,9069,9066,9063,9063,9063,9066,9060,375456,9060,9060,9066,9063,9066,9060,9063,9060,9060,9066,9066,9063,9063,9063,9060,9066,9063,9060,9063,9060,9063,9063,9063,9060,9060,9063,9063,9063,9063,9060,9063,9060,9066,9066,9063,9066,9063,9063,9060,9060,9063,9060,9060,9063,9063,9063,477912,252585,9069,9063,9066,9060,9066,9066,9063,9060,155514,9066,9066,9060,9066,9063,9063,9060,9060,9063,9066,9063,9060,9066,9060,9063,9060,9060,9066,9066,9063,9060,9060,222465,9066,9063,9060,9069,9060,9060,9066,9066,9060,9060,9066,9060,9063,309093,208833,9060,9063,9066,9060,9063,9063,9060,9063,9060,9063,9060,9063,9066,9063,9060,9063,9066,9060,9066,9060,9060,9060,9060,9066,9069,147537,9063,477261,9063,9066,9060,9060,9060,9066,9063,9060,9063,9063,9060,9060,9063,9063,9063,9060,9060,9060,9060,9060,9060,9060,9066,9063,9063,184002,9066,9063,9060,9060,9066,9063,9066,9063,9066,9060,9063,9063,9060,9060,9066,9066,9066,9063,9060,9060,9063,9066,9063,9066,9066,9060,9066,9066,9060,9060,9060,9066,9066,9066,9069,9063,9063,9063,9063,9060,9066,9060,9063,9063,9060,9066,9060,9066,9063,9060,9063,9063,9063,9060,9060,9063,9066,9063,9066,9066,9066,9063,9060,9063,9060,9060,9060,9060,9063,9060,9063,9060,9063,9063,9063,9060,9063,9060,9066,9063,9060,9060,9063,9066,9063,9066,9063,437601,9060,9060,9060,9060,9063,9063,9060,9060,9066,9066,9060,9069,9063,9066,74703,9063,9060,9063,9069,9060,9060,224841,9063,9063,9063,429459,9060,9066,9063,9060,9060,9063,9063,9066,9060,9063,9060,9063,9066,9066,9063,9063,9060,9060,9066,9063,9060,9060,9066,9069,9066,9066,9063,9060,9060,9066,9060,9063,9069,9060,370959,9066,9063,9060,9060,9060,9060,9060,9063,9060,9060,9063,9063,9060,9060,9060,444126,9066,9063,9063,9063,9060,9063,9060,9063,9060,9063,9063,9060,9060,9063,9060,9063,9060,189636,9063,96807,9060,9063,9060,9069,9063,9063,248220,237228,9063,9063,9063,9063,9063,9060,9060,9063,9063,9060,9060,9069,9063,9063,9060,462864,9063,9063,9063,9063,9060,9060,9060,253914,9060,9060,9066,9063,9060,9066,9066,9060,9069,9066,9060,9066,9063,9063,9060,9063,9063,9060,9063,9066,9066,318084,9063,9066,9063,9060,9063,9063,9060,9060,9063,9060,9063,9069,9063,9066,9060,9063,9066,9063,9066,9063,9060,308472,9060,9060,9060,9060,9069,9060,9063,9066,9060,9060,9063,9063,9066,9063,230487,9069,92889,9063,323286,9060,9066,9063,9060,9063,9063,9063,9060,9063,256974,9060,9066,9060,9063,9063,9060,9060,9066,9060,9060,9066,412758,9060,9060,9063,9063,9060,9060,9060,9066,9060,9063,9060,9063,127905,9063,9063,9063,9060,9060,9066,9063,9063,9066,125805,9063,9063,135315,9060,9066,9063,9060,9063,9066,9066,9063,9060,9060,9063,9063
4,9063,9066,9066,9066,9066,9069,9066,9066,9069,9060,9063,9069,9066,9066,9063,9060,9069,9066,9066,9066,9069,9063,9066,9069,9069,9069,9066,9063,9066,9069,9072,9069,9066,9066,9066,9069,9063,9063,9066,9063,9072,9066,9063,9060,9063,9069,9063,9066,9066,9072,9072,51213,9066,9063,9066,9063,9063,9066,9066,9066,9063,9063,9072,9063,9063,9066,9066,9063,9063,9063,9069,21864,9066,9069,9066,9066,9066,9066,9063,9063,9066,9066,9063,9069,9066,9063,9072,9063,9066,9063,9066,9063,9066,9066,9066,9069,9063,9063,9063,9066,9066,9066,9069,9066,9066,9063,9066,9063,9066,9063,9069,9069,9063,9072,9063,9069,9072,9066,9066,9063,9063,9066,9066,9066,9063,9066,9063,9069,9063,9060,9063,9063,9066,9066,9066,9066,9060,9063,9063,9066,9066,9066,9063,9066,9060,9069,9069,9066,9066,9063,9069,9066,9066,9072,9066,9066,9066,9066,9063,9066,9063,9066,9066,9060,9069,9069,9066,9069,9063,9066,9063,9063,9060,9066,9063,9066,9063,9063,9063,9066,9066,9066,9063,9069,9063,9060,9066,9069,9066,9063,9063,9060,9063,9066,9063,9066,9063,9069,9063,9063,9063,9066,9066,9063,9066,9063,9069,9060,9066,9069,9066,9066,9066,9066,9066,9066,9069,9066,9066,9063,9066,9060,9069,9063,9066,9066,9066,9069,9069,9063,9066,9063,9066,9066,9069,9063,9069,9066,9069,9072,9069,9069,9063,9063,9066,9066,9066,9063,9066,9066,9066,9063,9063,9060,9069,9063,9066,9066,9063,9063,9060,9063,9069,9063,9066,9063,9063,9072,9066,9063,9066,9063,9066,9066,9069,9066,9066,9063,9063,9063,9072,9066,9072,9069,9069,9063,9066,9069,9066,9066,9069,9066,9066,9066,9069,9063,9060,9066,9069,9063,9063,9069,9063,9063,9063,9066,9066,9066,9066,9060,9063,9066,9063,9063,9069,9066,9063,9066,9066,9060,9066,9069,9066,9069,9063,9066,9066,9063,9063,9066,9063,9063,9066,9066,9060,9063,9066,9072,9060,9063,9063,9069,9066,9066,9063,9072,9060,9066,9069,9060,9060,9066,9066,9063,9063,9066,9066,9066,9063,9066,9063,9072,9069,9066,9069,9069,9063,9063,9066,9066,9069,9060,9063,9069,9069,9066,9066,9066,9066,9063,9066,9066,9063,9069,9063,9066,9066,9060,9066,9060,9066,9069,9066,9063,9066,9063,9066,9063,9063,9066,9063,9063,9066,9066,9063,9063,9072,9069,9063,9063,9063,9069,9069,9066,9063,9066,9066,9063,9066,9066,9066,9066,9066,9060,9066,9066,9066,9063,9069,9063,9069,9063,9060,9066,9066,9063,9069,9066,9063,9066,9060,9063,9066,9066,9063,9069,9069,9060,9066,9063,9066,9066,9063,9066,9066,9069,9069,9066,9069,9063,9063,9069,9063,9066,9066,9066,9066,9066,9066,9060,9063,9069,9069,9063,9063,9066,9066,9066,9069,9069,9063,9066,9066,9063,9069,9066,9069,9063,9063,9066,9063,9066,9066,9060,9069,9060,9069,9063,9063,9060,9069,9066,9063,9069,9063,9060,9069,9063,9072,9063,9060,9066,9066,9063,9069,9063,9066,9063,9069,9063,9066,9063,9069,9060,9069,9063,9063,9066,9063,9066,9066,9063,9063,9063,9063,9069,9069,9066,9063,9063,9066,9066,9063,9072,9069,9069,9066,9063,9063,9063,9066,9069,9066,9063,9066,9063,9063,9063,9066,9060,9066,9066,9069,9063,9066,9066,9069,9066,9066,9066,9069,9063,9069,9063,9063,9069,9063,9069,9069,9066,9063,9066,9066,9063,9063,9066,9066,9069,9063,9063,9069,9069,9066,9060,9063,9066,9069,9063,9063,9063,9063,9066,9066,9066,9066,9069,9066,9069,9063,9066,9069,9066,9060,9066,9063,9066,9069,9072,9060,9066,9063,9069,9066,9072,9066,9066,9066,9063,9066,9066,9066,9063,9060,9069,9069,9066,9063,9063,9063,9072,9063,9066,9060,9069,9060,9063,9066,9069,9066,9063,9060,9066,9069,9069,9066,9063,9063,9063,9063,9066,9063,9066,9066,9066,9066,9066,9063,9063,9069,9066,9069,9066,9069,9066,9066,9069,9069,9069,9066,9069,9060,9069,9066,9066,9066,9066,9069,9066,9066,9066,9066,9069,9066,9063,9066,9063,9063,9063,9066,9066,9066,9060,9066,9069,9066,9060,9066,9063,9066,9066,9066,9066,9063,9063,9066,9063,9063,9063,9063,9063,9066,9060,9066,9066,9066,9072,9066,9060,9060,9066,9069,9063,9069,9066,9060,9066,9066,9069,9063,9069,9063,9063,9069,9072,9063,9063,9063,9063,9069,9066,9066,9066,9066,9066,9063,9063,9069,9066,9066,9069,9063,9063,9060,9063,9069,9066,9069,9066,9066,9063,9060,9060,9066,9063,9066,9072,9066,9066,9069,9069,9066,9063,9066,9072,9066,9066,9069,9066,9066,9069,9063,9063,9066,9063,9072,9066,9069,9066,9063,9063,9063,9066,9063,9066,9069,9066,9066,9069,9066,9069,9066,9066,9066,9066,9063,9063,9069,9066,9063,9063,9069,9063,9066,9066,9066,9069,9069,9063,9066,9066,9066,9063,9069,9066,9069,9066,9063,9066,9066,9066,9069,9069,9063,9066,9066,9063,9060,9066,9063,9066,9069,9066,9066,9066,9069,9069,9060,9066,9072,9069,9063,9063,9060,9066,9063,9066,9063,9066,9063,9069,9063,9066,9072,9069,9063,9066,9063,9066,9069,9066,9066,9069,9069,9072,9063,9066,9063,9063,9063,9066,9066,9066,9069,9069,9066,9063,9063,9063,9069,9063,9063,9063,9063,9066,9066,9066,9069,9072,9063,9063,9069,9069,9066,9066,9063,9069,9063,9069,9069,9063,9066,9066,9072,9063,9069,9066,9063,9063,9066,9069,9066,9066,9066,9066,9063,9069,9066,9069,9063,9066,9066,9060,9063,9063,9066,9069,9069,9066,9066,9063,9063,9066,9072,9069,9069,9063,9066,9063,9063,9066,252276,9063,9063,9066,9066,9063,9066,9066,9066,9072,9063,9063,9066,9069,9066,9066,9066,9063,9066,9066,9063,9063,9063,9066,9066,9063,9072,9069,9072,9063,9066,9069,9069,9066,9066,9066,9072,9066,9069,9063,9060,9063,9066,9069,9066,9066,9066,9066,9063,9069,9063,9063,9069,9069,9063,9063,9066,9063,9069,9063,9066,9069,9069,9063,9066,9066,9063,9069,9066,9063,9066,9069,9063,9063,9066,9066,9066,9063,9069,9063,9066,9069,9060,9069,9066,9060,9069,9066,9063,9066,9066,9063,9066,9066,9069,9069,9069,9069,9063,9066,9066,9066,9066,9066,9069,9066,9066,9063,9066,9060,9063,9066,9063,9069,9066,9063,9066,9066,9069,9066,9069,9066,9063,9066,9066,9063,9069,9066,9066,9063,9066,9066,9063,9069,9069,9066,9066,9063,9066,9069,9066,9066,9066,9066,9066,9063,9063,9066,9066,9060,9066,9060,9066,9060,9063,9066,9066,9060,9069,9060,9069,9066,9066,9063,9063,9063,9063,9066,9066,9066,9063,9069,9066,9069,9063,9066,9066,9066,9069,9063,9063,9063,9066,9066,9066,9069,9063,9063,9069,9063,9066,9060,9063,9066,9063,9066,9066,9069,9066,9066,9066,9063,9066,9069,9066,9066,9066,9066,9063,9063,9066,9063,9066,9069,9069,9069,9069,9066,9069,9066,9063,9069,9066,9060,9069,9063,9066,9066,12951,9063,9063,9063,9063,9066,9066,9066,9069,9066,9066,9069,9066,9069,9063,9063,9060,9063,9066,9063,9066,9072,9063,9063,9063,9066,9063,9066,9063,9063,9066,9066,9063,9066,9060,9066,9066,9072,9066,9066,9066,9069,9069,9066,9066,9066,9063,9063,9069,9063,9066,9069,9069,9069,9066,9063,9066,9066,9060,9069,9066,9066,9069,9063,9066,9063,9066,9063,9069,9066,9066,9066,9066,9066,9066,9069,9066,9066,9066,9063,9066,9069,9066,9060,9063,9066,9069,9066,9063,9060,9063,9066,9063,9066,9066,9066,9069,9066,9066,9066,9069,9069,9063,9063,9063,9063,9066,9066,9066,9060,9063,9066,9072,9060,9066,9066,9069,9063,9066,9069,9066,9066,9060,9066,9069,9066,9066,9066,9069,9069,9063,9066,9066,9063,9063,9069,9063,9063,9069,9069,9066,9066,9069,9063,9066,9066,9060,9063,9063,9063,9063,9066,9066,9069,9066,9066,9066,9066,9066,9063,9069,9063,9072,9060,9063,9063,9066,9063,9066,9063,9066,9063,9066,9066,9063,9069,9060,9066,9066,9066,9063,9066,9063,9066,9066,9066,9063,9069,9066,9066,9069,9066,9066,9069,9060,9066,9063,9063,9063,9060,9066,9066,9069,9066,9063,9066,9072,9063,9063,9069,9066,9069,9066,9066,9066,9066,9066,9063,9072,9063,9069,9063,9063,9069,9063,9069,9066,9066,9069,9063,9066,9066,9063,9060,9060,9069,9066,9063,9069,9066,9060,9069,9069,9069,9069,9069,9066,9069,9063,9069,9063,9072,9066,9066,9069,9066,9066,9066,9063,9066,9063,9069,9063,9069,9063,9066,9060,9063,9069,9066,9066,9063,9066,9066,9072,9066,9066,9066,9063,9069,9069,9066,9072,9063,9060,9066,9066,9063,9072,9066,9066,9066,9066,9066,9063,9066,9060,9063,9066,9063,9063,9066,9063,9066,9069,9063,9069,9063,9069,9066,9063,9066,9066,9066,9069,9066,9063,9069,9066,9069,9069,9066,9063,9063,9060,9072,9063,9069,9066,9066,9060,9069,9063,9066,9066,9066,9069,9069,9066,9063,9063,9063,9066,9066,9063,9063,9063,9066,9063,9066,9069,9066,9063,9063,9063,9066,9063,9063,9063,9072,9066,9066,9066,9069,9066,9069,9063,9066,9069,9066,9063,9063,9066,9063,9063,9060,9066,9069,9063,9066,9069,9063,9069,9069,9066,9069,9063,9072,9066,59844,9066,9063,9066,9066,9063,9072,9066,9063,9066,9069,9066,9063,9069,9066,9066,9066,9063,9066,9063,9066,9066,9063,9066,9069,9063,9066,9072,9066,9063,9063,9063,9066,9060,9063,9072,9066,9063,9060,9066,9066,9072,9066,9063,9066,9063,9063,9066,9063,9069,9066,9063,9063,9066,9069,9066,9063,9063,9069,9069,9066,9066,9069,9066,9069,9060,9066,9063,9066,9066,9066,9066,9063,9063,9066,9069,9069,9063,9063,9066,9066,9063,9063,9069,9060,9063,9069,9060,9063,9063,9063,9060,9069,9069,9060,9069,9063,9072,9069,9066,9063,9066,9063,9060,9063,9066,9063,9066,9063,9069,9072,9060,9063,9060,9066,9069,9066,9063,9066,9063,9069,9066,9066,9066,9066,9066,9063,9063,9066,9060,9063,9066,9066,9063,9063,9063,9066,9063,9072,9069,9066,9066,9063,9063,9066,9066,9066,9069,9066,9063,9072,9069,9063,9066,9069,9066,9066,9066,9069,9066,9066,9066,9063,9063,9063,9063,9066,9063,9069,9066,9066,9066,9066,9069,9066,9066,9063,9063,9063,9066,9063,9069,9069,9066,9069,9063,9066,9072,9072,9066,9072,9063,9063,313701,9069,9063,9069,9060,9063,9069,9066,9066,9066,9066,9063,9066,9066,9066,9066,9066,9063,9066,9063,9063,9066,9063,9066,9060,9066,9066,9060,9066,9066,9069,9063,9063,9063,9066,9066,9066,9066,9066,9063,9066,9066,9066,9063,9069,9066,9063,9063,9066,9066,9063,9072,9063,9063,9066,9066,9066,9069,9063,9063,9069,9063,9066,9066,9066,9066,9066,9063,9066,9060,9066,9066,9072,9069,9063,9066,9066,9069,9069,9063,9066,9066,9069,9069,9066,9066,9063,9066,9063,9066,9063,9066,9066,9069,9066,9066,9066,9060,9063,9066,9069,9063,9066,9066,9063,9063,9069,9069,9066,9063,9063,9069,9069,9063,9069,9069,9063,9063,9063,9066,9069,9069,9066,9063,9063,9066,9066,9069,9066,9063,9060,9066,9066,9063,9066,9069,9063,9069,9060,9069,9066,9066,9066,9069,9063,9060,9063,9066,9063,9069,9066,9063,9063,9063,9066,9069,9066,9066,9063,9063,9060,9063,9063,9066,9069,9063,9066,9066,9069,9066,9063,9066,9063,9060,9063,9060,9069,9069,9066,9069,9069,9066,9066,9060,9069,9066,9069,9066,9063,9066,9066,9066,9069,9066,9066,9066,9069,9069,9063,9066,9069,9063,9060,9069,9066,9063,9063,9063,9066,9069,9066,9066,9063,9063,9063,9066,9063,9069,9066,9063,9066,9060,9066,9063,9069,9066,9069,9063,9066,9063,9063,9063,9066,9066,9060,9066,9060,9069,9066,9066,9069,9066,9063,9066,9063,9069,9066,9066,9066,9063,9063,9063,9060,9063,9066,9069,9063,9063,9063,9069,9072,9069,9060,9066,9069,9069,9066,9069,9066,9063,9060,9069,9066,9072,9066,9063,9063,9066,9063,9069,9063,9063,9069,9069,9069,9063,9063,9066,9066,9066,9066,9063,9060,9063,9063,9069,9063,9066,9063,9069,9063,9066,9066,9063,9063,9066,9063,9063,9066,9066,9063,9063,9063,9063,9066,373878,9066,9063,9066,9063,9066,9066,9072,9060,9069,9066,9072,9066,9063,9063,9060,9069,9066,9066,9066,9069,9066,9066,9066,9066,9069,9063,9066,9063,9066,9066,9063,9069,9066,9066,9063,9066,9063,9066,9069,270978,9066,9063,9069,9069,9066,9066,9063,9060,9066,9066,9063,9069,9066,9063,9069,9060,9063,9066,9069,9066,9069,9066,9063,9063,9066,9066,9069,9066,9063,9069,9063,9060,9063,9063,9069,9066,9069,9063,9066,9069,9066,9069,9063,9069,9069,9063,9066,9066,9063,9066,9066,9066,9069,9066,9066,9069,9066,9060,9063,9069,9066,9066,9066,9066,9066,9069,9063,9066,9069,9060,9066,9066,9063,9063,9063,9066,9069,9063,9069,9063,9060,9069,9063,9060,9063,9063,9063,9069,9069,9060,9063,9063,9066,9072,9066,9066,9066,9066,9063,9063,9069,9063,9069,9063,9066,9069,9066,9063,9069,9063,9069,9069,9066,9066,9063,9069,9066,9066,9066,9066,9063,9063,9069,9066,9063,9063,9066,9063,9063,9063,9060,9069,9066,9063,9063,9069,9066,9069,9063,9063,9060,9063,9063,9069,9066,9072,9063,9069,9066,9069,9066,9066,9066,9069,9063,9066,9063,9063,9066,9063,9066,9063,9063,9063,9063,9069,9069,9066,9063,9069,9063,9060,9060,9066,9066,9060,9069,9066,9069,9069,9066,9063,9066,9060,9066,9069,9072,9063,9063,9066,9066,9063,9063,9063,9063,9063,9066,9063,9063,9069,9066,9063,9063,9066,9066,9066,9069,9063,9069,9069,9063,9060,9066,9066,9063,9069,9066,9066,9069,9063,9063,9069,9066,9066,9063,9066,9066,9063,9063,9063,9063,9066,9063,9069,9063,9063,9066,9066,9060,9063,9063,9066,9066,9066,9066,9066,9063,9063,9066,9069,9063,9066,9066,9066,9069,9069,9066,9063,9066,9066,9066,9063,9066,9069,9066,9063,9066,9066,9069,9066,9069,9069,9063,9066,9063,9069,9063,9063,9066,9072,9069,9066,9066,9063,9063,9066,9063,9063,9063,9069,9066,9066,9069,9063,9069,9066,9069,9066,9069,9069,9066,9066,9063,9066,9066,9066,9066,9066,9066,9066,9066,9069,9063,9066,9066,9063,9063,9069,9066,9063,9066,9066,9063,9066,9063,9066,9069,9063,9066,9066,9060,9063,9066,9060,9066,9066,9063,9063,9066,9063,9069,9066,9066,9060,9066,9066,9066,9063,9063,9069,9069,9063,9066,9060,9069,9063,9063,9063,9066,9066,9066,9060,9066,9060,9066,9066,9066,9069,9066,9066,9069,9066,9063,9072,9063,9060,9060,9069,9066,9063,9069,369477,9063,9060,9066,9066,9066,9060,9066,9066,9066,9063,9063,9066,9066,9063,9069,9069,9063,9066,9066,9066,9063,9066,9063,9066,9063,9069,9066,9069,9066,9072,9069,9069,9063,9063,9066,9069,9066,9063,9063,9069,9066,9063,9066,9063,9069,9066,9063,9066,9063,9063,9066,9063,9066,9069,9066,9063,9069,9072,9069,9066,9066,9066,9069,9063,9060,9063,9063,9069,9066,9069,9063,9066,9063,9063,9069,9069,9066,9066,9066,9063,9069,9066,9063,9066,9063,9066,9066,9066,9063,9063,9066,9066,9066,9066,9063,9066,9063,9069,9069,9066,9069,9066,9066,9063,9063,9066,9063,9063,9066,9066,9066,9060,25950,9072,9066,9069,9063,9069,9069,9066,9063,9060,9069,9069,9063,9069,9066,9066,9063,9063,9066,9069,9066,9063,9069,9063,9066,9063,9063,9069,9069,9066,9063,9063,443211,9069,9066,9063,9072,9063,9063,9069,9069,9063,9063,9069,9063,9066,9060,9060,9063,9066,9069,9063,9066,9066,9063,9066,9063,9066,9063,9066,9069,9066,9063,9066,9069,9063,9069,9063,9063,9063,9063,9069,9072,9060,9066,9060,9066,9069,9063,9063,9063,9069,9066,9063,9066,9066,9063,9063,9066,9066,9066,9063,9063,9063,9063,9063,9063,9063,9069,9066,9066,9060,9069,9066,9063,9063,9069,9066,9069,9066,9069,9063,9066,9066,9063,9063,9069,9069,9069,9066,9063,9063,9066,9069,9066,9069,9069,9063,9069,9069,9063,9063,9063,9069,9069,9069,9072,9066,9066,9066,9066,9063,9069,9063,9066,9066,9063,9069,9063,9069,9066,9063,9066,9066,9066,9063,9063,9066,9069,9066,9069,9069,9069,9066,9063,9066,9063,9063,9063,9063,9066,9063,9066,9063,9066,9066,9066,9063,9066,9063,9069,9066,9063,9063,9066,9069,9066,9069,9066,9060,9063,9063,9063,9063,9066,9066,9063,9063,9069,9069,9063,9072,9066,9069,9060,9066,9063,9066,9072,9063,9063,9060,9066,9066,9066,9060,9063,9069,9066,9063,9063,9066,9066,9069,9063,9066,9063,9066,9069,9069,9066,9066,9063,9063,9069,9066,9063,9063,9069,9072,9069,9069,9066,9063,9063,9069,9063,9066,9072,9063,9060,9069,9066,9063,9063,9063,9063,9063,9066,9063,9063,9066,9066,9063,9063,9063,9060,9069,9066,9066,9066,9063,9066,9063,9066,9063,9066,9066,9063,9063,9066,9063,9066,9063,9060,9066,9060,9063,9066,9063,9072,9066,9066,9060,9060,9066,9066,9066,9066,9066,9063,9063,9066,9066,9063,9063,9072,9066,9066,9063,9060,9066,9066,9066,9066,9063,9063,9063,9060,9063,9063,9069,9066,9063,9069,9069,9063,9072,9069,9063,9069,9066,9066,9063,9066,9066,9063,9066,9069,9069,9060,9066,9069,9066,9063,9066,9066,9063,9063,9066,9063,9066,9072,9066,9069,9063,9066,9069,9066,9069,9066,9063,9060,9063,9063,9063,9063,9072,9063,9066,9069,9063,9063,9066,9066,9069,9066,9060,9072,9060,9066,9060,9063,9069,9066,9063,9066,9066,9066,9063,9066,9060,9063,9069,9063,9066,9066,9063,9063,9069,9063,9063,9069,9060,9063,9063,9066,9066,9063,9063,9063,9069,9063,9066,9063,9066,9060,9066,9066,9066,9063,9063,9069,9066,9066,9069,9060,9066,9066,9060,9063,9069,9066,9063,9066,9069,9069,9066,9063,9063,9066,9066
5,9066,9069,9069,9069,9069,9072,9069,9069,9072,9063,9066,9072,9069,9069,9066,9063,9072,9069,9069,9069,9072,9066,9069,9072,9072,9072,9069,9066,9069,9072,9075,9072,9069,9069,9069,9072,9066,9066,9069,9066,9075,9069,9066,9063,9066,9072,9066,9069,9069,9075,9075,9060,9069,9066,9069,9066,9066,9069,9069,9069,9066,9066,9075,9066,9066,9069,9069,9066,9066,9066,9072,9060,9069,9072,9069,9069,9069,9069,9066,9066,9069,9069,9066,9072,9069,9066,9075,9066,9069,9066,9069,9066,9069,9069,9069,9072,9066,9066,9066,9069,9069,9069,9072,9069,9069,9066,9069,9066,9069,9066,9072,9072,9066,9075,9066,9072,9075,9069,9069,9066,9066,9069,9069,9069,9066,9069,9066,9072,9066,9063,9066,9066,9069,9069,9069,9069,9063,9066,9066,9069,9069,9069,9066,9069,9063,9072,9072,9069,9069,9066,9072,9069,9069,9075,9069,9069,9069,9069,9066,9069,9066,9069,9069,9063,9072,9072,9069,9072,9066,9069,9066,9066,9063,9069,9066,9069,9066,9066,9066,9069,9069,9069,9066,9072,9066,9063,9069,9072,9069,9066,9066,9063,9066,9069,9066,9069,9066,9072,9066,9066,9066,9069,9069,9066,9069,9066,9072,9063,9069,9072,9069,9069,9069,9069,9069,9069,9072,9069,9069,9066,9069,9063,9072,9066,9069,9069,9069,9072,9072,9066,9069,9066,9069,9069,9072,9066,9072,9069,9072,9075,9072,9072,9066,9066,9069,9069,9069,9066,9069,9069,9069,9066,9066,9063,9072,9066,9069,9069,9066,9066,9063,9066,9072,9066,9069,9066,9066,9075,9069,9066,9069,9066,9069,9069,9072,9069,9069,9066,9066,9066,9075,9069,9075,9072,9072,9066,9069,9072,9069,9069,9072,9069,9069,9069,9072,9066,9063,9069,9072,9066,9066,9072,9066,9066,9066,9069,9069,9069,9069,9063,9066,9069,9066,9066,9072,9069,9066,9069,9069,9063,9069,9072,9069,9072,9066,9069,9069,9066,9066,9069,9066,9066,9069,9069,9063,9066,9069,9075,9063,9066,9066,9072,9069,9069,9066,9075,9063,9069,9072,9063,9063,9069,9069,9066,9066,9069,9069,9069,9066,9069,9066,9075,9072,9069,9072,9072,9066,9066,9069,9069,9072,9063,9066,9072,9072,9069,9069,9069,9069,9066,9069,9069,9066,9072,9066,9069,9069,9063,9069,9063,9069,9072,9069,9066,9069,9066,9069,9066,9066,9069,9066,9066,9069,9069,9066,9066,9075,9072,9066,9066,9066,9072,9072,9069,9066,9069,9069,9066,9069,9069,9069,9069,9069,9063,9069,9069,9069,9066,9072,9066,9072,9066,9063,9069,9069,9066,9072,9069,9066,9069,9063,9066,9069,9069,9066,9072,9072,9063,9069,9066,9069,9069,9066,9069,9069,9072,9072,9069,9072,9066,9066,9072,9066,9069,9069,9069,9069,9069,9069,9063,9066,9072,9072,9066,9066,9069,9069,9069,9072,9072,9066,9069,9069,9066,9072,9069,9072,9066,9066,9069,9066,9069,9069,9063,9072,9063,9072,9066,9066,9063,9072,9069,9066,9072,9066,9063,9072,9066,9075,9066,9063,9069,9069,9066,9072,9066,9069,9066,9072,9066,9069,9066,9072,9063,9072,9066,9066,9069,9066,9069,9069,9066,9066,9066,9066,9072,9072,9069,9066,9066,9069,9069,9066,9075,9072,9072,9069,9066,9066,9066,9069,9072,9069,9066,9069,9066,9066,9066,9069,9063,9069,9069,9072,9066,9069,9069,9072,9069,9069,9069,9072,9066,9072,9066,9066,9072,9066,9072,9072,9069,9066,9069,9069,9066,9066,9069,9069,9072,9066,9066,9072,9072,9069,9063,9066,9069,9072,9066,9066,9066,9066,9069,9069,9069,9069,9072,9069,9072,9066,9069,9072,9069,9063,9069,9066,9069,9072,9075,9063,9069,9066,9072,9069,9075,9069,9069,9069,9066,9069,9069,9069,9066,9063,9072,9072,9069,9066,9066,9066,9075,9066,9069,9063,9072,9063,9066,9069,9072,9069,9066,9063,9069,9072,9072,9069,9066,9066,9066,9066,9069,9066,9069,9069,9069,9069,9069,9066,9066,9072,9069,9072,9069,9072,9069,9069,9072,9072,9072,9069,9072,9063,9072,9069,9069,9069,9069,9072,9069,9069,9069,9069,9072,9069,9066,9069,9066,9066,9066,9069,9069,9069,9063,9069,9072,9069,9063,9069,9066,9069,9069,9069,9069,9066,9066,9069,9066,9066,9066,9066,9066,9069,9063,9069,9069,9069,9075,9069,9063,9063,9069,9072,9066,9072,9069,9063,9069,9069,9072,9066,9072,9066,9066,9072,9075,9066,9066,9066,9066,9072,9069,9069,9069,9069,9069,9066,9066,9072,9069,9069,9072,9066,9066,9063,9066,9072,9069,9072,9069,9069,9066,9063,9063,9069,9066,9069,9075,9069,9069,9072,9072,9069,9066,9069,9075,9069,9069,9072,9069,9069,9072,9066,9066,9069,9066,9075,9069,9072,9069,9066,9066,9066,9069,9066,9069,9072,9069,9069,9072,9069,9072,9069,9069,9069,9069,9066,9066,9072,9069,9066,9066,9072,9066,9069,9069,9069,9072,9072,9066,9069,9069,9069,9066,9072,9069,9072,9069,9066,9069,9069,9069,9072,9072,9066,9069,9069,9066,9063,9069,9066,9069,9072,9069,9069,9069,9072,9072,9063,9069,9075,9072,9066,9066,9063,9069,9066,9069,9066,9069,9066,9072,9066,9069,9075,9072,9066,9069,9066,9069,9072,9069,9069,9072,9072,9075,9066,9069,9066,9066,9066,9069,9069,9069,9072,9072,9069,9066,9066,9066,9072,9066,9066,9066,9066,9069,9069,9069,9072,9075,9066,9066,9072,9072,9069,9069,9066,9072,9066,9072,9072,9066,9069,9069,9075,9066,9072,9069,9066,9066,9069,9072,9069,9069,9069,9069,9066,9072,9069,9072,9066,9069,9069,9063,9066,9066,9069,9072,9072,9069,9069,9066,9066,9069,9075,9072,9072,9066,9069,9066,9066,9069,9060,9066,9066,9069,9069,9066,9069,9069,9069,9075,9066,9066,9069,9072,9069,9069,9069,9066,9069,9069,9066,9066,9066,9069,9069,9066,9075,9072,9075,9066,9069,9072,9072,9069,9069,9069,9075,9069,9072,9066,9063,9066,9069,9072,9069,9069,9069,9069,9066,9072,9066,9066,9072,9072,9066,9066,9069,9066,9072,9066,9069,9072,9072,9066,9069,9069,9066,9072,9069,9066,9069,9072,9066,9066,9069,9069,9069,9066,9072,9066,9069,9072,9063,9072,9069,9063,9072,9069,9066,9069,9069,9066,9069,9069,9072,9072,9072,9072,9066,9069,9069,9069,9069,9069,9072,9069,9069,9066,9069,9063,9066,9069,9066,9072,9069,9066,9069,9069,9072,9069,9072,9069,9066,9069,9069,9066,9072,9069,9069,9066,9069,9069,9066,9072,9072,9069,9069,9066,9069,9072,9069,9069,9069,9069,9069,9066,9066,9069,9069,9063,9069,9063,9069,9063,9066,9069,9069,9063,9072,9063,9072,9069,9069,9066,9066,9066,9066,9069,9069,9069,9066,9072,9069,9072,9066,9069,9069,9069,9072,9066,9066,9066,9069,9069,9069,9072,9066,9066,9072,9066,9069,9063,9066,9069,9066,9069,9069,9072,9069,9069,9069,9066,9069,9072,9069,9069,9069,9069,9066,9066,9069,9066,9069,9072,9072,9072,9072,9069,9072,9069,9066,9072,9069,9063,9072,9066,9069,9069,9060,9066,9066,9066,9066,9069,9069,9069,9072,9069,9069,9072,9069,9072,9066,9066,9063,9066,9069,9066,9069,9075,9066,9066,9066,9069,9066,9069,9066,9066,9069,9069,9066,9069,9063,9069,9069,9075,9069,9069,9069,9072,9072,9069,9069,9069,9066,9066,9072,9066,9069,9072,9072,9072,9069,9066,9069,9069,9063,9072,9069,9069,9072,9066,9069,9066,9069,9066,9072,9069,9069,9069,9069,9069,9069,9072,9069,9069,9069,9066,9069,9072,9069,9063,9066,9069,9072,9069,9066,9063,9066,9069,9066,9069,9069,9069,9072,9069,9069,9069,9072,9072,9066,9066,9066,9066,9069,9069,9069,9063,9066,9069,9075,9063,9069,9069,9072,9066,9069,9072,9069,9069,9063,9069,9072,9069,9069,9069,9072,9072,9066,9069,9069,9066,9066,9072,9066,9066,9072,9072,9069,9069,9072,9066,9069,9069,9063,9066,9066,9066,9066,9069,9069,9072,9069,9069,9069,9069,9069,9066,9072,9066,9075,9063,9066,9066,9069,9066,9069,9066,9069,9066,9069,9069,9066,9072,9063,9069,9069,9069,9066,9069,9066,9069,9069,9069,9066,9072,9069,9069,9072,9069,9069,9072,9063,9069,9066,9066,9066,9063,9069,9069,9072,9069,9066,9069,9075,9066,9066,9072,9069,9072,9069,9069,9069,9069,9069,9066,9075,9066,9072,9066,9066,9072,9066,9072,9069,9069,9072,9066,9069,9069,9066,9063,9063,9072,9069,9066,9072,9069,9063,9072,9072,9072,9072,9072,9069,9072,9066,9072,9066,9075,9069,9069,9072,9069,9069,9069,9066,9069,9066,9072,9066,9072,9066,9069,9063,9066,9072,9069,9069,9066,9069,9069,9075,9069,9069,9069,9066,9072,9072,9069,9075,9066,9063,9069,9069,9066,9075,9069,9069,9069,9069,9069,9066,9069,9063,9066,9069,9066,9066,9069,9066,9069,9072,9066,9072,9066,9072,9069,9066,9069,9069,9069,9072,9069,9066,9072,9069,9072,9072,9069,9066,9066,9063,9075,9066,9072,9069,9069,9063,9072,9066,9069,9069,9069,9072,9072,9069,9066,9066,9066,9069,9069,9066,9066,9066,9069,9066,9069,9072,9069,9066,9066,9066,9069,9066,9066,9066,9075,9069,9069,9069,9072,9069,9072,9066,9069,9072,9069,9066,9066,9069,9066,9066,9063,9069,9072,9066,9069,9072,9066,9072,9072,9069,9072,9066,9075,9069,9060,9069,9066,9069,9069,9066,9075,9069,9066,9069,9072,9069,9066,9072,9069,9069,9069,9066,9069,9066,9069,9069,9066,9069,9072,9066,9069,9075,9069,9066,9066,9066,9069,9063,9066,9075,9069,9066,9063,9069,9069,9075,9069,9066,9069,9066,9066,9069,9066,9072,9069,9066,9066,9069,9072,9069,9066,9066,9072,9072,9069,9069,9072,9069,9072,9063,9069,9066,9069,9069,9069,9069,9066,9066,9069,9072,9072,9066,9066,9069,9069,9066,9066,9072,9063,9066,9072,9063,9066,9066,9066,9063,9072,9072,9063,9072,9066,9075,9072,9069,9066,9069,9066,9063,9066,9069,9066,9069,9066,9072,9075,9063,9066,9063,9069,9072,9069,9066,9069,9066,9072,9069,9069,9069,9069,9069,9066,9066,9069,9063,9066,9069,9069,9066,9066,9066,9069,9066,9075,9072,9069,9069,9066,9066,9069,9069,9069,9072,9069,9066,9075,9072,9066,9069,9072,9069,9069,9069,9072,9069,9069,9069,9066,9066,9066,9066,9069,9066,9072,9069,9069,9069,9069,9072,9069,9069,9066,9066,9066,9069,9066,9072,9072,9069,9072,9066,9069,9075,9075,9069,9075,9066,9066,9060,9072,9066,9072,9063,9066,9072,9069,9069,9069,9069,9066,9069,9069,9069,9069,9069,9066,9069,9066,9066,9069,9066,9069,9063,9069,9069,9063,9069,9069,9072,9066,9066,9066,9069,9069,9069,9069,9069,9066,9069,9069,9069,9066,9072,9069,9066,9066,9069,9069,9066,9075,9066,9066,9069,9069,9069,9072,9066,9066,9072,9066,9069,9069,9069,9069,9069,9066,9069,9063,9069,9069,9075,9072,9066,9069,9069,9072,9072,9066,9069,9069,9072,9072,9069,9069,9066,9069,9066,9069,9066,9069,9069,9072,9069,9069,9069,9063,9066,9069,9072,9066,9069,9069,9066,9066,9072,9072,9069,9066,9066,9072,9072,9066,9072,9072,9066,9066,9066,9069,9072,9072,9069,9066,9066,9069,9069,9072,9069,9066,9063,9069,9069,9066,9069,9072,9066,9072,9063,9072,9069,9069,9069,9072,9066,9063,9066,9069,9066,9072,9069,9066,9066,9066,9069,9072,9069,9069,9066,9066,9063,9066,9066,9069,9072,9066,9069,9069,9072,9069,9066,9069,9066,9063,9066,9063,9072,9072,9069,9072,9072,9069,9069,9063,9072,9069,9072,9069,9066,9069,9069,9069,9072,9069,9069,9069,9072,9072,9066,9069,9072,9066,9063,9072,9069,9066,9066,9066,9069,9072,9069,9069,9066,9066,9066,9069,9066,9072,9069,9066,9069,9063,9069,9066,9072,9069,9072,9066,9069,9066,9066,9066,9069,9069,9063,9069,9063,9072,9069,9069,9072,9069,9066,9069,9066,9072,9069,9069,9069,9066,9066,9066,9063,9066,9069,9072,9066,9066,9066,9072,9075,9072,9063,9069,9072,9072,9069,9072,9069,9066,9063,9072,9069,9075,9069,9066,9066,9069,9066,9072,9066,9066,9072,9072,9072,9066,9066,9069,9069,9069,9069,9066,9063,9066,9066,9072,9066,9069,9066,9072,9066,9069,9069,9066,9066,9069,9066,9066,9069,9069,9066,9066,9066,9066,9069,9060,9069,9066,9069,9066,9069,9069,9075,9063,9072,9069,9075,9069,9066,9066,9063,9072,9069,9069,9069,9072,9069,9069,9069,9069,9072,9066,9069,9066,9069,9069,9066,9072,9069,9069,9066,9069,9066,9069,9072,9060,9069,9066,9072,9072,9069,9069,9066,9063,9069,9069,9066,9072,9069,9066,9072,9063,9066,9069,9072,9069,9072,9069,9066,9066,9069,9069,9072,9069,9066,9072,9066,9063,9066,9066,9072,9069,9072,9066,9069,9072,9069,9072,9066,9072,9072,9066,9069,9069,9066,9069,9069,9069,9072,9069,9069,9072,9069,9063,9066,9072,9069,9069,9069,9069,9069,9072,9066,9069,9072,9063,9069,9069,9066,9066,9066,9069,9072,9066,9072,9066,9063,9072,9066,9063,9066,9066,9066,9072,9072,9063,9066,9066,9069,9075,9069,9069,9069,9069,9066,9066,9072,9066,9072,9066,9069,9072,9069,9066,9072,9066,9072,9072,9069,9069,9066,9072,9069,9069,9069,9069,9066,9066,9072,9069,9066,9066,9069,9066,9066,9066,9063,9072,9069,9066,9066,9072,9069,9072,9066,9066,9063,9066,9066,9072,9069,9075,9066,9072,9069,9072,9069,9069,9069,9072,9066,9069,9066,9066,9069,9066,9069,9066,9066,9066,9066,9072,9072,9069,9066,9072,9066,9063,9063,9069,9069,9063,9072,9069,9072,9072,9069,9066,9069,9063,9069,9072,9075,9066,9066,9069,9069,9066,9066,9066,9066,9066,9069,9066,9066,9072,9069,9066,9066,9069,9069,9069,9072,9066,9072,9072,9066,9063,9069,9069,9066,9072,9069,9069,9072,9066,9066,9072,9069,9069,9066,9069,9069,9066,9066,9066,9066,9069,9066,9072,9066,9066,9069,9069,9063,9066,9066,9069,9069,9069,9069,9069,9066,9066,9069,9072,9066,9069,9069,9069,9072,9072,9069,9066,9069,9069,9069,9066,9069,9072,9069,9066,9069,9069,9072,9069,9072,9072,9066,9069,9066,9072,9066,9066,9069,9075,9072,9069,9069,9066,9066,9069,9066,9066,9066,9072,9069,9069,9072,9066,9072,9069,9072,9069,9072,9072,9069,9069,9066,9069,9069,9069,9069,9069,9069,9069,9069,9072,9066,9069,9069,9066,9066,9072,9069,9066,9069,9069,9066,9069,9066,9069,9072,9066,9069,9069,9063,9066,9069,9063,9069,9069,9066,9066,9069,9066,9072,9069,9069,9063,9069,9069,9069,9066,9066,9072,9072,9066,9069,9063,9072,9066,9066,9066,9069,9069,9069,9063,9069,9063,9069,9069,9069,9072,9069,9069,9072,9069,9066,9075,9066,9063,9063,9072,9069,9066,9072,9060,9066,9063,9069,9069,9069,9063,9069,9069,9069,9066,9066,9069,9069,9066,9072,9072,9066,9069,9069,9069,9066,9069,9066,9069,9066,9072,9069,9072,9069,9075,9072,9072,9066,9066,9069,9072,9069,9066,9066,9072,9069,9066,9069,9066,9072,9069,9066,9069,9066,9066,9069,9066,9069,9072,9069,9066,9072,9075,9072,9069,9069,9069,9072,9066,9063,9066,9066,9072,9069,9072,9066,9069,9066,9066,9072,9072,9069,9069,9069,9066,9072,9069,9066,9069,9066,9069,9069,9069,9066,9066,9069,9069,9069,9069,9066,9069,9066,9072,9072,9069,9072,9069,9069,9066,9066,9069,9066,9066,9069,9069,9069,9063,9060,9075,9069,9072,9066,9072,9072,9069,9066,9063,9072,9072,9066,9072,9069,9069,9066,9066,9069,9072,9069,9066,9072,9066,9069,9066,9066,9072,9072,9069,9066,9066,9060,9072,9069,9066,9075,9066,9066,9072,9072,9066,9066,9072,9066,9069,9063,9063,9066,9069,9072,9066,9069,9069,9066,9069,9066,9069,9066,9069,9072,9069,9066,9069,9072,9066,9072,9066,9066,9066,9066,9072,9075,9063,9069,9063,9069,9072,9066,9066,9066,9072,9069,9066,9069,9069,9066,9066,9069,9069,9069,9066,9066,9066,9066,9066,9066,9066,9072,9069,9069,9063,9072,9069,9066,9066,9072,9069,9072,9069,9072,9066,9069,9069,9066,9066,9072,9072,9072,9069,9066,9066,9069,9072,9069,9072,9072,9066,9072,9072,9066,9066,9066,9072,9072,9072,9075,9069,9069,9069,9069,9066,9072,9066,9069,9069,9066,9072,9066,9072,9069,9066,9069,9069,9069,9066,9066,9069,9072,9069,9072,9072,9072,9069,9066,9069,9066,9066,9066,9066,9069,9066,9069,9066,9069,9069,9069,9066,9069,9066,9072,9069,9066,9066,9069,9072,9069,9072,9069,9063,9066,9066,9066,9066,9069,9069,9066,9066,9072,9072,9066,9075,9069,9072,9063,9069,9066,9069,9075,9066,9066,9063,9069,9069,9069,9063,9066,9072,9069,9066,9066,9069,9069,9072,9066,9069,9066,9069,9072,9072,9069,9069,9066,9066,9072,9069,9066,9066,9072,9075,9072,9072,9069,9066,9066,9072,9066,9069,9075,9066,9063,9072,9069,9066,9066,9066,9066,9066,9069,9066,9066,9069,9069,9066,9066,9066,9063,9072,9069,9069,9069,9066,9069,9066,9069,9066,9069,9069,9066,9066,9069,9066,9069,9066,9063,9069,9063,9066,9069,9066,9075,9069,9069,9063,9063,9069,9069,9069,9069,9069,9066,9066,9069,9069,9066,9066,9075,9069,9069,9066,9063,9069,9069,9069,9069,9066,9066,9066,9063,9066,9066,9072,9069,9066,9072,9072,9066,9075,9072,9066,9072,9069,9069,9066,9069,9069,9066,9069,9072,9072,9063,9069,9072,9069,9066,9069,9069,9066,9066,9069,9066,9069,9075,9069,9072,9066,9069,9072,9069,9072,9069,9066,9063,9066,9066,9066,9066,9075,9066,9069,9072,9066,9066,9069,9069,9072,9069,9063,9075,9063,9069,9063,9066,9072,9069,9066,9069,9069,9069,9066,9069,9063,9066,9072,9066,9069,9069,9066,9066,9072,9066,9066,9072,9063,9066,9066,9069,9069,9066,9066,9066,9072,9066,9069,9066,9069,9063,9069,9069,9069,9066,9066,9072,9069,9069,9072,9063,9069,9069,9063,9066,9072,9069,9066,9069,9072,9072,9069,9066,9066,9069,9069
6,9069,9072,9072,9072,9072,9075,9072,9072,9075,9066,9069,9075,9072,9072,9069,9066,9075,9072,9072,9072,9075,9069,9072,9075,9075,9075,9072,9069,9072,9075,9078,9075,9072,9072,9072,9075,9069,9069,9072,9069,9078,9072,9069,9066,9069,9075,9069,9072,9072,9078,9078,9063,9072,9069,9072,9069,9069,9072,9072,9072,9069,9069,9078,9069,9069,9072,9072,9069,9069,9069,9075,9063,9072,9075,9072,9072,9072,9072,9069,9069,9072,9072,9069,9075,9072,9069,9078,9069,9072,9069,9072,9069,9072,9072,9072,9075,9069,9069,9069,9072,9072,9072,9075,9072,9072,9069,9072,9069,9072,9069,9075,9075,9069,9078,9069,9075,9078,9072,9072,9069,9069,9072,9072,9072,9069,9072,9069,9075,9069,9066,9069,9069,9072,9072,9072,9072,9066,9069,9069,9072,9072,9072,9069,9072,9066,9075,9075,9072,9072,9069,9075,9072,9072,9078,9072,9072,9072,9072,9069,9072,9069,9072,9072,9066,9075,9075,9072,9075,9069,9072,9069,9069,9066,9072,9069,9072,9069,9069,9069,9072,9072,9072,9069,9075,9069,9066,9072,9075,9072,9069,9069,9066,9069,9072,9069,9072,9069,9075,9069,9069,9069,9072,9072,9069,9072,9069,9075,9066,9072,9075,9072,9072,9072,9072,9072,9072,9075,9072,9072,9069,9072,9066,9075,9069,9072,9072,9072,9075,9075,9069,9072,9069,9072,9072,9075,9069,9075,9072,9075,9078,9075,9075,9069,9069,9072,9072,9072,9069,9072,9072,9072,9069,9069,9066,9075,9069,9072,9072,9069,9069,9066,9069,9075,9069,9072,9069,9069,9078,9072,9069,9072,9069,9072,9072,9075,9072,9072,9069,9069,9069,9078,9072,9078,9075,9075,9069,9072,9075,9072,9072,9075,9072,9072,9072,9075,9069,9066,9072,9075,9069,9069,9075,9069,9069,9069,9072,9072,9072,9072,9066,9069,9072,9069,9069,9075,9072,9069,9072,9072,9066,9072,9075,9072,9075,9069,9072,9072,9069,9069,9072,9069,9069,9072,9072,9066,9069,9072,9078,9066,9069,9069,9075,9072,9072,9069,9078,9066,9072,9075,9066,9066,9072,9072,9069,9069,9072,9072,9072,9069,9072,9069,9078,9075,9072,9075,9075,9069,9069,9072,9072,9075,9066,9069,9075,9075,9072,9072,9072,9072,9069,9072,9072,9069,9075,9069,9072,9072,9066,9072,9066,9072,9075,9072,9069,9072,9069,9072,9069,9069,9072,9069,9069,9072,9072,9069,9069,9078,9075,9069,9069,9069,9075,9075,9072,9069,9072,9072,9069,9072,9072,9072,9072,9072,9066,9072,9072,9072,9069,9075,9069,9075,9069,9066,9072,9072,9069,9075,9072,9069,9072,9066,9069,9072,9072,9069,9075,9075,9066,9072,9069,9072,9072,9069,9072,9072,9075,9075,9072,9075,9069,9069,9075,9069,9072,9072,9072,9072,9072,9072,9066,9069,9075,9075,9069,9069,9072,9072,9072,9075,9075,9069,9072,9072,9069,9075,9072,9075,9069,9069,9072,9069,9072,9072,9066,9075,9066,9075,9069,9069,9066,9075,9072,9069,9075,9069,9066,9075,9069,9078,9069,9066,9072,9072,9069,9075,9069,9072,9069,9075,9069,9072,9069,9075,9066,9075,9069,9069,9072,9069,9072,9072,9069,9069,9069,9069,9075,9075,9072,9069,9069,9072,9072,9069,9078,9075,9075,9072,9069,9069,9069,9072,9075,9072,9069,9072,9069,9069,9069,9072,9066,9072,9072,9075,9069,9072,9072,9075,9072,9072,9072,9075,9069,9075,9069,9069,9075,9069,9075,9075,9072,9069,9072,9072,9069,9069,9072,9072,9075,9069,9069,9075,9075,9072,9066,9069,9072,9075,9069,9069,9069,9069,9072,9072,9072,9072,9075,9072,9075,9069,9072,9075,9072,9066,9072,9069,9072,9075,9078,9066,9072,9069,9075,9072,9078,9072,9072,9072,9069,9072,9072,9072,9069,9066,9075,9075,9072,9069,9069,9069,9078,9069,9072,9066,9075,9066,9069,9072,9075,9072,9069,9066,9072,9075,9075,9072,9069,9069,9069,9069,9072,9069,9072,9072,9072,9072,9072,9069,9069,9075,9072,9075,9072,9075,9072,9072,9075,9075,9075,9072,9075,9066,9075,9072,9072,9072,9072,9075,9072,9072,9072,9072,9075,9072,9069,9072,9069,9069,9069,9072,9072,9072,9066,9072,9075,9072,9066,9072,9069,9072,9072,9072,9072,9069,9069,9072,9069,9069,9069,9069,9069,9072,9066,9072,9072,9072,9078,9072,9066,9066,9072,9075,9069,9075,9072,9066,9072,9072,9075,9069,9075,9069,9069,9075,9078,9069,9069,9069,9069,9075,9072,9072,9072,9072,9072,9069,9069,9075,9072,9072,9075,9069,9069,9066,9069,9075,9072,9075,9072,9072,9069,9066,9066,9072,9069,9072,9078,9072,9072,9075,9075,9072,9069,9072,9078,9072,9072,9075,9072,9072,9075,9069,9069,9072,9069,9078,9072,9075,9072,9069,9069,9069,9072,9069,9072,9075,9072,9072,9075,9072,9075,9072,9072,9072,9072,9069,9069,9075,9072,9069,9069,9075,9069,9072,9072,9072,9075,9075,9069,9072,9072,9072,9069,9075,9072,9075,9072,9069,9072,9072,9072,9075,9075,9069,9072,9072,9069,9066,9072,9069,9072,9075,9072,9072,9072,9075,9075,9066,9072,9078,9075,9069,9069,9066,9072,9069,9072,9069,9072,9069,9075,9069,9072,9078,9075,9069,9072,9069,9072,9075,9072,9072,9075,9075,9078,9069,9072,9069,9069,9069,9072,9072,9072,9075,9075,9072,9069,9069,9069,9075,9069,9069,9069,9069,9072,9072,9072,9075,9078,9069,9069,9075,9075,9072,9072,9069,9075,9069,9075,9075,9069,9072,9072,9078,9069,9075,9072,9069,9069,9072,9075,9072,9072,9072,9072,9069,9075,9072,9075,9069,9072,9072,9066,9069,9069,9072,9075,9075,9072,9072,9069,9069,9072,9078,9075,9075,9069,9072,9069,9069,9072,9063,9069,9069,9072,9072,9069,9072,9072,9072,9078,9069,9069,9072,9075,9072,9072,9072,9069,9072,9072,9069,9069,9069,9072,9072,9069,9078,9075,9078,9069,9072,9075,9075,9072,9072,9072,9078,9072,9075,9069,9066,9069,9072,9075,9072,9072,9072,9072,9069,9075,9069,9069,9075,9075,9069,9069,9072,9069,9075,9069,9072,9075,9075,9069,9072,9072,9069,9075,9072,9069,9072,9075,9069,9069,9072,9072,9072,9069,9075,9069,9072,9075,9066,9075,9072,9066,9075,9072,9069,9072,9072,9069,9072,9072,9075,9075,9075,9075,9069,9072,9072,9072,9072,9072,9075,9072,9072,9069,9072,9066,9069,9072,9069,9075,9072,9069,9072,9072,9075,9072,9075,9072,9069,9072,9072,9069,9075,9072,9072,9069,9072,9072,9069,9075,9075,9072,9072,9069,9072,9075,9072,9072,9072,9072,9072,9069,9069,9072,9072,9066,9072,9066,9072,9066,9069,9072,9072,9066,9075,9066,9075,9072,9072,9069,9069,9069,9069,9072,9072,9072,9069,9075,9072,9075,9069,9072,9072,9072,9075,9069,9069,9069,9072,9072,9072,9075,9069,9069,9075,9069,9072,9066,9069,9072,9069,9072,9072,9075,9072,9072,9072,9069,9072,9075,9072,9072,9072,9072,9069,9069,9072,9069,9072,9075,9075,9075,9075,9072,9075,9072,9069,9075,9072,9066,9075,9069,9072,9072,9063,9069,9069,9069,9069,9072,9072,9072,9075,9072,9072,9075,9072,9075,9069,9069,9066,9069,9072,9069,9072,9078,9069,9069,9069,9072,9069,9072,9069,9069,9072,9072,9069,9072,9066,9072,9072,9078,9072,9072,9072,9075,9075,9072,9072,9072,9069,9069,9075,9069,9072,9075,9075,9075,9072,9069,9072,9072,9066,9075,9072,9072,9075,9069,9072,9069,9072,9069,9075,9072,9072,9072,9072,9072,9072,9075,9072,9072,9072,9069,9072,9075,9072,9066,9069,9072,9075,9072,9069,9066,9069,9072,9069,9072,9072,9072,9075,9072,9072,9072,9075,9075,9069,9069,9069,9069,9072,9072,9072,9066,9069,9072,9078,9066,9072,9072,9075,9069,9072,9075,9072,9072,9066,9072,9075,9072,9072,9072,9075,9075,9069,9072,9072,9069,9069,9075,9069,9069,9075,9075,9072,9072,9075,9069,9072,9072,9066,9069,9069,9069,9069,9072,9072,9075,9072,9072,9072,9072,9072,9069,9075,9069,9078,9066,9069,9069,9072,9069,9072,9069,9072,9069,9072,9072,9069,9075,9066,9072,9072,9072,9069,9072,9069,9072,9072,9072,9069,9075,9072,9072,9075,9072,9072,9075,9066,9072,9069,9069,9069,9066,9072,9072,9075,9072,9069,9072,9078,9069,9069,9075,9072,9075,9072,9072,9072,9072,9072,9069,9078,9069,9075,9069,9069,9075,9069,9075,9072,9072,9075,9069,9072,9072,9069,9066,9066,9075,9072,9069,9075,9072,9066,9075,9075,9075,9075,9075,9072,9075,9069,9075,9069,9078,9072,9072,9075,9072,9072,9072,9069,9072,9069,9075,9069,9075,9069,9072,9066,9069,9075,9072,9072,9069,9072,9072,9078,9072,9072,9072,9069,9075,9075,9072,9078,9069,9066,9072,9072,9069,9078,9072,9072,9072,9072,9072,9069,9072,9066,9069,9072,9069,9069,9072,9069,9072,9075,9069,9075,9069,9075,9072,9069,9072,9072,9072,9075,9072,9069,9075,9072,9075,9075,9072,9069,9069,9066,9078,9069,9075,9072,9072,9066,9075,9069,9072,9072,9072,9075,9075,9072,9069,9069,9069,9072,9072,9069,9069,9069,9072,9069,9072,9075,9072,9069,9069,9069,9072,9069,9069,9069,9078,9072,9072,9072,9075,9072,9075,9069,9072,9075,9072,9069,9069,9072,9069,9069,9066,9072,9075,9069,9072,9075,9069,9075,9075,9072,9075,9069,9078,9072,9063,9072,9069,9072,9072,9069,9078,9072,9069,9072,9075,9072,9069,9075,9072,9072,9072,9069,9072,9069,9072,9072,9069,9072,9075,9069,9072,9078,9072,9069,9069,9069,9072,9066,9069,9078,9072,9069,9066,9072,9072,9078,9072,9069,9072,9069,9069,9072,9069,9075,9072,9069,9069,9072,9075,9072,9069,9069,9075,9075,9072,9072,9075,9072,9075,9066,9072,9069,9072,9072,9072,9072,9069,9069,9072,9075,9075,9069,9069,9072,9072,9069,9069,9075,9066,9069,9075,9066,9069,9069,9069,9066,9075,9075,9066,9075,9069,9078,9075,9072,9069,9072,9069,9066,9069,9072,9069,9072,9069,9075,9078,9066,9069,9066,9072,9075,9072,9069,9072,9069,9075,9072,9072,9072,9072,9072,9069,9069,9072,9066,9069,9072,9072,9069,9069,9069,9072,9069,9078,9075,9072,9072,9069,9069,9072,9072,9072,9075,9072,9069,9078,9075,9069,9072,9075,9072,9072,9072,9075,9072,9072,9072,9069,9069,9069,9069,9072,9069,9075,9072,9072,9072,9072,9075,9072,9072,9069,9069,9069,9072,9069,9075,9075,9072,9075,9069,9072,9078,9078,9072,9078,9069,9069,9063,9075,9069,9075,9066,9069,9075,9072,9072,9072,9072,9069,9072,9072,9072,9072,9072,9069,9072,9069,9069,9072,9069,9072,9066,9072,9072,9066,9072,9072,9075,9069,9069,9069,9072,9072,9072,9072,9072,9069,9072,9072,9072,9069,9075,9072,9069,9069,9072,9072,9069,9078,9069,9069,9072,9072,9072,9075,9069,9069,9075,9069,9072,9072,9072,9072,9072,9069,9072,9066,9072,9072,9078,9075,9069,9072,9072,9075,9075,9069,9072,9072,9075,9075,9072,9072,9069,9072,9069,9072,9069,9072,9072,9075,9072,9072,9072,9066,9069,9072,9075,9069,9072,9072,9069,9069,9075,9075,9072,9069,9069,9075,9075,9069,9075,9075,9069,9069,9069,9072,9075,9075,9072,9069,9069,9072,9072,9075,9072,9069,9066,9072,9072,9069,9072,9075,9069,9075,9066,9075,9072,9072,9072,9075,9069,9066,9069,9072,9069,9075,9072,9069,9069,9069,9072,9075,9072,9072,9069,9069,9066,9069,9069,9072,9075,9069,9072,9072,9075,9072,9069,9072,9069,9066,9069,9066,9075,9075,9072,9075,9075,9072,9072,9066,9075,9072,9075,9072,9069,9072,9072,9072,9075,9072,9072,9072,9075,9075,9069,9072,9075,9069,9066,9075,9072,9069,9069,9069,9072,9075,9072,9072,9069,9069,9069,9072,9069,9075,9072,9069,9072,9066,9072,9069,9075,9072,9075,9069,9072,9069,9069,9069,9072,9072,9066,9072,9066,9075,9072,9072,9075,9072,9069,9072,9069,9075,9072,9072,9072,9069,9069,9069,9066,9069,9072,9075,9069,9069,9069,9075,9078,9075,9066,9072,9075,9075,9072,9075,9072,9069,9066,9075,9072,9078,9072,9069,9069,9072,9069,9075,9069,9069,9075,9075,9075,9069,9069,9072,9072,9072,9072,9069,9066,9069,9069,9075,9069,9072,9069,9075,9069,9072,9072,9069,9069,9072,9069,9069,9072,9072,9069,9069,9069,9069,9072,9063,9072,9069,9072,9069,9072,9072,9078,9066,9075,9072,9078,9072,9069,9069,9066,9075,9072,9072,9072,9075,9072,9072,9072,9072,9075,9069,9072,9069,9072,9072,9069,9075,9072,9072,9069,9072,9069,9072,9075,9063,9072,9069,9075,9075,9072,9072,9069,9066,9072,9072,9069,9075,9072,9069,9075,9066,9069,9072,9075,9072,9075,9072,9069,9069,9072,9072,9075,9072,9069,9075,9069,9066,9069,9069,9075,9072,9075,9069,9072,9075,9072,9075,9069,9075,9075,9069,9072,9072,9069,9072,9072,9072,9075,9072,9072,9075,9072,9066,9069,9075,9072,9072,9072,9072,9072,9075,9069,9072,9075,9066,9072,9072,9069,9069,9069,9072,9075,9069,9075,9069,9066,9075,9069,9066,9069,9069,9069,9075,9075,9066,9069,9069,9072,9078,9072,9072,9072,9072,9069,9069,9075,9069,9075,9069,9072,9075,9072,9069,9075,9069,9075,9075,9072,9072,9069,9075,9072,9072,9072,9072,9069,9069,9075,9072,9069,9069,9072,9069,9069,9069,9066,9075,9072,9069,9069,9075,9072,9075,9069,9069,9066,9069,9069,9075,9072,9078,9069,9075,9072,9075,9072,9072,9072,9075,9069,9072,9069,9069,9072,9069,9072,9069,9069,9069,9069,9075,9075,9072,9069,9075,9069,9066,9066,9072,9072,9066,9075,9072,9075,9075,9072,9069,9072,9066,9072,9075,9078,9069,9069,9072,9072,9069,9069,9069,9069,9069,9072,9069,9069,9075,9072,9069,9069,9072,9072,9072,9075,9069,9075,9075,9069,9066,9072,9072,9069,9075,9072,9072,9075,9069,9069,9075,9072,9072,9069,9072,9072,9069,9069,9069,9069,9072,9069,9075,9069,9069,9072,9072,9066,9069,9069,9072,9072,9072,9072,9072,9069,9069,9072,9075,9069,9072,9072,9072,9075,9075,9072,9069,9072,9072,9072,9069,9072,9075,9072,9069,9072,9072,9075,9072,9075,9075,9069,9072,9069,9075,9069,9069,9072,9078,9075,9072,9072,9069,9069,9072,9069,9069,9069,9075,9072,9072,9075,9069,9075,9072,9075,9072,9075,9075,9072,9072,9069,9072,9072,9072,9072,9072,9072,9072,9072,9075,9069,9072,9072,9069,9069,9075,9072,9069,9072,9072,9069,9072,9069,9072,9075,9069,9072,9072,9066,9069,9072,9066,9072,9072,9069,9069,9072,9069,9075,9072,9072,9066,9072,9072,9072,9069,9069,9075,9075,9069,9072,9066,9075,9069,9069,9069,9072,9072,9072,9066,9072,9066,9072,9072,9072,9075,9072,9072,9075,9072,9069,9078,9069,9066,9066,9075,9072,9069,9075,9063,9069,9066,9072,9072,9072,9066,9072,9072,9072,9069,9069,9072,9072,9069,9075,9075,9069,9072,9072,9072,9069,9072,9069,9072,9069,9075,9072,9075,9072,9078,9075,9075,9069,9069,9072,9075,9072,9069,9069,9075,9072,9069,9072,9069,9075,9072,9069,9072,9069,9069,9072,9069,9072,9075,9072,9069,9075,9078,9075,9072,9072,9072,9075,9069,9066,9069,9069,9075,9072,9075,9069,9072,9069,9069,9075,9075,9072,9072,9072,9069,9075,9072,9069,9072,9069,9072,9072,9072,9069,9069,9072,9072,9072,9072,9069,9072,9069,9075,9075,9072,9075,9072,9072,9069,9069,9072,9069,9069,9072,9072,9072,9066,9063,9078,9072,9075,9069,9075,9075,9072,9069,9066,9075,9075,9069,9075,9072,9072,9069,9069,9072,9075,9072,9069,9075,9069,9072,9069,9069,9075,9075,9072,9069,9069,9063,9075,9072,9069,9078,9069,9069,9075,9075,9069,9069,9075,9069,9072,9066,9066,9069,9072,9075,9069,9072,9072,9069,9072,9069,9072,9069,9072,9075,9072,9069,9072,9075,9069,9075,9069,9069,9069,9069,9075,9078,9066,9072,9066,9072,9075,9069,9069,9069,9075,9072,9069,9072,9072,9069,9069,9072,9072,9072,9069,9069,9069,9069,9069,9069,9069,9075,9072,9072,9066,9075,9072,9069,9069,9075,9072,9075,9072,9075,9069,9072,9072,9069,9069,9075,9075,9075,9072,9069,9069,9072,9075,9072,9075,9075,9069,9075,9075,9069,9069,9069,9075,9075,9075,9078,9072,9072,9072,9072,9069,9075,9069,9072,9072,9069,9075,9069,9075,9072,9069,9072,9072,9072,9069,9069,9072,9075,9072,9075,9075,9075,9072,9069,9072,9069,9069,9069,9069,9072,9069,9072,9069,9072,9072,9072,9069,9072,9069,9075,9072,9069,9069,9072,9075,9072,9075,9072,9066,9069,9069,9069,9069,9072,9072,9069,9069,9075,9075,9069,9078,9072,9075,9066,9072,9069,9072,9078,9069,9069,9066,9072,9072,9072,9066,9069,9075,9072,9069,9069,9072,9072,9075,9069,9072,9069,9072,9075,9075,9072,9072,9069,9069,9075,9072,9069,9069,9075,9078,9075,9075,9072,9069,9069,9075,9069,9072,9078,9069,9066,9075,9072,9069,9069,9069,9069,9069,9072,9069,9069,9072,9072,9069,9069,9069,9066,9075,9072,9072,9072,9069,9072,9069,9072,9069,9072,9072,9069,9069,9072,9069,9072,9069,9066,9072,9066,9069,9072,9069,9078,9072,9072,9066,9066,9072,9072,9072,9072,9072,9069,9069,9072,9072,9069,9069,9078,9072,9072,9069,9066,9072,9072,9072,9072,9069,9069,9069,9066,9069,9069,9075,9072,9069,9075,9075,9069,9078,9075,9069,9075,9072,9072,9069,9072,9072,9069,9072,9075,9075,9066,9072,9075,9072,9069,9072,9072,9069,9069,9072,9069,9072,9078,9072,9075,9069,9072,9075,9072,9075,9072,9069,9066,9069,9069,9069,9069,9078,9069,9072,9075,9069,9069,9072,9072,9075,9072,9066,9078,9066,9072,9066,9069,9075,9072,9069,9072,9072,9072,9069,9072,9066,9069,9075,9069,9072,9072,9069,9069,9075,9069,9069,9075,9066,9069,9069,9072,9072,9069,9069,9069,9075,9069,9072,9069,9072,9066,9072,9072,9072,9069,9069,9075,9072,9072,9075,9066,9072,9072,9066,9069,9075,9072,9069,9072,9075,9075,9072,9069,9069,9072,9072
7,9072,9075,9075,9075,9075,9078,9075,9075,9078,9069,9072,9078,9075,9075,9072,9069,9078,9075,9075,9075,9078,9072,9075,9078,9078,9078,9075,9072,9075,9078,9081,9078,9075,9075,9075,9078,9072,9072,9075,9072,9081,9075,9072,9069,9072,9078,9072,9075,9075,9081,9081,9066,9075,9072,9075,9072,9072,9075,9075,9075,9072,9072,9081,9072,9072,9075,9075,9072,9072,9072,9078,9066,9075,9078,9075,9075,9075,9075,9072,9072,9075,9075,9072,9078,9075,9072,9081,9072,9075,9072,9075,9072,9075,9075,9075,9078,9072,9072,9072,9075,9075,9075,9078,9075,9075,9072,9075,9072,9075,9072,9078,9078,9072,9081,9072,9078,9081,9075,9075,9072,9072,9075,9075,9075,9072,9075,9072,9078,9072,9069,9072,9072,9075,9075,9075,9075,9069,9072,9072,9075,9075,9075,9072,9075,9069,9078,9078,9075,9075,9072,9078,9075,9075,9081,9075,9075,9075,9075,9072,9075,9072,9075,9075,9069,9078,9078,9075,9078,9072,9075,9072,9072,9069,9075,9072,9075,9072,9072,9072,9075,9075,9075,9072,9078,9072,9069,9075,9078,9075,9072,9072,9069,9072,9075,9072,9075,9072,9078,9072,9072,9072,9075,9075,9072,9075,9072,9078,9069,9075,9078,9075,9075,9075,9075,9075,9075,9078,9075,9075,9072,9075,9069,9078,9072,9075,9075,9075,9078,9078,9072,9075,9072,9075,9075,9078,9072,9078,9075,9078,9081,9078,9078,9072,9072,9075,9075,9075,9072,9075,9075,9075,9072,9072,9069,9078,9072,9075,9075,9072,9072,9069,9072,9078,9072,9075,9072,9072,9081,9075,9072,9075,9072,9075,9075,9078,9075,9075,9072,9072,9072,9081,9075,9081,9078,9078,9072,9075,9078,9075,9075,9078,9075,9075,9075,9078,9072,9069,9075,9078,9072,9072,9078,9072,9072,9072,9075,9075,9075,9075,9069,9072,9075,9072,9072,9078,9075,9072,9075,9075,9069,9075,9078,9075,9078,9072,9075,9075,9072,9072,9075,9072,9072,9075,9075,9069,9072,9075,9081,9069,9072,9072,9078,9075,9075,9072,9081,9069,9075,9078,9069,9069,9075,9075,9072,9072,9075,9075,9075,9072,9075,9072,9081,9078,9075,9078,9078,9072,9072,9075,9075,9078,9069,9072,9078,9078,9075,9075,9075,9075,9072,9075,9075,9072,9078,9072,9075,9075,9069,9075,9069,9075,9078,9075,9072,9075,9072,9075,9072,9072,9075,9072,9072,9075,9075,9072,9072,9081,9078,9072,9072,9072,9078,9078,9075,9072,9075,9075,9072,9075,9075,9075,9075,9075,9069,9075,9075,9075,9072,9078,9072,9078,9072,9069,9075,9075,9072,9078,9075,9072,9075,9069,9072,9075,9075,9072,9078,9078,9069,9075,9072,9075,9075,9072,9075,9075,9078,9078,9075,9078,9072,9072,9078,9072,9075,9075,9075,9075,9075,9075,9069,9072,9078,9078,9072,9072,9075,9075,9075,9078,9078,9072,9075,9075,9072,9078,9075,9078,9072,9072,9075,9072,9075,9075,9069,9078,9069,9078,9072,9072,9069,9078,9075,9072,9078,9072,9069,9078,9072,9081,9072,9069,9075,9075,9072,9078,9072,9075,9072,9078,9072,9075,9072,9078,9069,9078,9072,9072,9075,9072,9075,9075,9072,9072,9072,9072,9078,9078,9075,9072,9072,9075,9075,9072,9081,9078,9078,9075,9072,9072,9072,9075,9078,9075,9072,9075,9072,9072,9072,9075,9069,9075,9075,9078,9072,9075,9075,9078,9075,9075,9075,9078,9072,9078,9072,9072,9078,9072,9078,9078,9075,9072,9075,9075,9072,9072,9075,9075,9078,9072,9072,9078,9078,9075,9069,9072,9075,9078,9072,9072,9072,9072,9075,9075,9075,9075,9078,9075,9078,9072,9075,9078,9075,9069,9075,9072,9075,9078,9081,9069,9075,9072,9078,9075,9081,9075,9075,9075,9072,9075,9075,9075,9072,9069,9078,9078,9075,9072,9072,9072,9081,9072,9075,9069,9078,9069,9072,9075,9078,9075,9072,9069,9075,9078,9078,9075,9072,9072,9072,9072,9075,9072,9075,9075,9075,9075,9075,9072,9072,9078,9075,9078,9075,9078,9075,9075,9078,9078,9078,9075,9078,9069,9078,9075,9075,9075,9075,9078,9075,9075,9075,9075,9078,9075,9072,9075,9072,9072,9072,9075,9075,9075,9069,9075,9078,9075,9069,9075,9072,9075,9075,9075,9075,9072,9072,9075,9072,9072,9072,9072,9072,9075,9069,9075,9075,9075,9081,9075,9069,9069,9075,9078,9072,9078,9075,9069,9075,9075,9078,9072,9078,9072,9072,9078,9081,9072,9072,9072,9072,9078,9075,9075,9075,9075,9075,9072,9072,9078,9075,9075,9078,9072,9072,9069,9072,9078,9075,9078,9075,9075,9072,9069,9069,9075,9072,9075,9081,9075,9075,9078,9078,9075,9072,9075,9081,9075,9075,9078,9075,9075,9078,9072,9072,9075,9072,9081,9075,9078,9075,9072,9072,9072,9075,9072,9075,9078,9075,9075,9078,9075,9078,9075,9075,9075,9075,9072,9072,9078,9075,9072,9072,9078,9072,9075,9075,9075,9078,9078,9072,9075,9075,9075,9072,9078,9075,9078,9075,9072,9075,9075,9075,9078,9078,9072,9075,9075,9072,9069,9075,9072,9075,9078,9075,9075,9075,9078,9078,9069,9075,9081,9078,9072,9072,9069,9075,9072,9075,9072,9075,9072,9078,9072,9075,9081,9078,9072,9075,9072,9075,9078,9075,9075,9078,9078,9081,9072,9075,9072,9072,9072,9075,9075,9075,9078,9078,9075,9072,9072,9072,9078,9072,9072,9072,9072,9075,9075,9075,9078,9081,9072,9072,9078,9078,9075,9075,9072,9078,9072,9078,9078,9072,9075,9075,9081,9072,9078,9075,9072,9072,9075,9078,9075,9075,9075,9075,9072,9078,9075,9078,9072,9075,9075,9069,9072,9072,9075,9078,9078,9075,9075,9072,9072,9075,9081,9078,9078,9072,9075,9072,9072,9075,9066,9072,9072,9075,9075,9072,9075,9075,9075,9081,9072,9072,9075,9078,9075,9075,9075,9072,9075,9075,9072,9072,9072,9075,9075,9072,9081,9078,9081,9072,9075,9078,9078,9075,9075,9075,9081,9075,9078,9072,9069,9072,9075,9078,9075,9075,9075,9075,9072,9078,9072,9072,9078,9078,9072,9072,9075,9072,9078,9072,9075,9078,9078,9072,9075,9075,9072,9078,9075,9072,9075,9078,9072,9072,9075,9075,9075,9072,9078,9072,9075,9078,9069,9078,9075,9069,9078,9075,9072,9075,9075,9072,9075,9075,9078,9078,9078,9078,9072,9075,9075,9075,9075,9075,9078,9075,9075,9072,9075,9069,9072,9075,9072,9078,9075,9072,9075,9075,9078,9075,9078,9075,9072,9075,9075,9072,9078,9075,9075,9072,9075,9075,9072,9078,9078,9075,9075,9072,9075,9078,9075,9075,9075,9075,9075,9072,9072,9075,9075,9069,9075,9069,9075,9069,9072,9075,9075,9069,9078,9069,9078,9075,9075,9072,9072,9072,9072,9075,9075,9075,9072,9078,9075,9078,9072,9075,9075,9075,9078,9072,9072,9072,9075,9075,9075,9078,9072,9072,9078,9072,9075,9069,9072,9075,9072,9075,9075,9078,9075,9075,9075,9072,9075,9078,9075,9075,9075,9075,9072,9072,9075,9072,9075,9078,9078,9078,9078,9075,9078,9075,9072,9078,9075,9069,9078,9072,9075,9075,9066,9072,9072,9072,9072,9075,9075,9075,9078,9075,9075,9078,9075,9078,9072,9072,9069,9072,9075,9072,9075,9081,9072,9072,9072,9075,9072,9075,9072,9072,9075,9075,9072,9075,9069,9075,9075,9081,9075,9075,9075,9078,9078,9075,9075,9075,9072,9072,9078,9072,9075,9078,9078,9078,9075,9072,9075,9075,9069,9078,9075,9075,9078,9072,9075,9072,9075,9072,9078,9075,9075,9075,9075,9075,9075,9078,9075,9075,9075,9072,9075,9078,9075,9069,9072,9075,9078,9075,9072,9069,9072,9075,9072,9075,9075,9075,9078,9075,9075,9075,9078,9078,9072,9072,9072,9072,9075,9075,9075,9069,9072,9075,9081,9069,9075,9075,9078,9072,9075,9078,9075,9075,9069,9075,9078,9075,9075,9075,9078,9078,9072,9075,9075,9072,9072,9078,9072,9072,9078,9078,9075,9075,9078,9072,9075,9075,9069,9072,9072,9072,9072,9075,9075,9078,9075,9075,9075,9075,9075,9072,9078,9072,9081,9069,9072,9072,9075,9072,9075,9072,9075,9072,9075,9075,9072,9078,9069,9075,9075,9075,9072,9075,9072,9075,9075,9075,9072,9078,9075,9075,9078,9075,9075,9078,9069,9075,9072,9072,9072,9069,9075,9075,9078,9075,9072,9075,9081,9072,9072,9078,9075,9078,9075,9075,9075,9075,9075,9072,9081,9072,9078,9072,9072,9078,9072,9078,9075,9075,9078,9072,9075,9075,9072,9069,9069,9078,9075,9072,9078,9075,9069,9078,9078,9078,9078,9078,9075,9078,9072,9078,9072,9081,9075,9075,9078,9075,9075,9075,9072,9075,9072,9078,9072,9078,9072,9075,9069,9072,9078,9075,9075,9072,9075,9075,9081,9075,9075,9075,9072,9078,9078,9075,9081,9072,9069,9075,9075,9072,9081,9075,9075,9075,9075,9075,9072,9075,9069,9072,9075,9072,9072,9075,9072,9075,9078,9072,9078,9072,9078,9075,9072,9075,9075,9075,9078,9075,9072,9078,9075,9078,9078,9075,9072,9072,9069,9081,9072,9078,9075,9075,9069,9078,9072,9075,9075,9075,9078,9078,9075,9072,9072,9072,9075,9075,9072,9072,9072,9075,9072,9075,9078,9075,9072,9072,9072,9075,9072,9072,9072,9081,9075,9075,9075,9078,9075,9078,9072,9075,9078,9075,9072,9072,9075,9072,9072,9069,9075,9078,9072,9075,9078,9072,9078,9078,9075,9078,9072,9081,9075,9066,9075,9072,9075,9075,9072,9081,9075,9072,9075,9078,9075,9072,9078,9075,9075,9075,9072,9075,9072,9075,9075,9072,9075,9078,9072,9075,9081,9075,9072,9072,9072,9075,9069,9072,9081,9075,9072,9069,9075,9075,9081,9075,9072,9075,9072,9072,9075,9072,9078,9075,9072,9072,9075,9078,9075,9072,9072,9078,9078,9075,9075,9078,9075,9078,9069,9075,9072,9075,9075,9075,9075,9072,9072,9075,9078,9078,9072,9072,9075,9075,9072,9072,9078,9069,9072,9078,9069,9072,9072,9072,9069,9078,9078,9069,9078,9072,9081,9078,9075,9072,9075,9072,9069,9072,9075,9072,9075,9072,9078,9081,9069,9072,9069,9075,9078,9075,9072,9075,9072,9078,9075,9075,9075,9075,9075,9072,9072,9075,9069,9072,9075,9075,9072,9072,9072,9075,9072,9081,9078,9075,9075,9072,9072,9075,9075,9075,9078,9075,9072,9081,9078,9072,9075,9078,9075,9075,9075,9078,9075,9075,9075,9072,9072,9072,9072,9075,9072,9078,9075,9075,9075,9075,9078,9075,9075,9072,9072,9072,9075,9072,9078,9078,9075,9078,9072,9075,9081,9081,9075,9081,9072,9072,9066,9078,9072,9078,9069,9072,9078,9075,9075,9075,9075,9072,9075,9075,9075,9075,9075,9072,9075,9072,9072,9075,9072,9075,9069,9075,9075,9069,9075,9075,9078,9072,9072,9072,9075,9075,9075,9075,9075,9072,9075,9075,9075,9072,9078,9075,9072,9072,9075,9075,9072,9081,9072,9072,9075,9075,9075,9078,9072,9072,9078,9072,9075,9075,9075,9075,9075,9072,9075,9069,9075,9075,9081,9078,9072,9075,9075,9078,9078,9072,9075,9075,9078,9078,9075,9075,9072,9075,9072,9075,9072,9075,9075,9078,9075,9075,9075,9069,9072,9075,9078,9072,9075,9075,9072,9072,9078,9078,9075,9072,9072,9078,9078,9072,9078,9078,9072,9072,9072,9075,9078,9078,9075,9072,9072,9075,9075,9078,9075,9072,9069,9075,9075,9072,9075,9078,9072,9078,9069,9078,9075,9075,9075,9078,9072,9069,9072,9075,9072,9078,9075,9072,9072,9072,9075,9078,9075,9075,9072,9072,9069,9072,9072,9075,9078,9072,9075,9075,9078,9075,9072,9075,9072,9069,9072,9069,9078,9078,9075,9078,9078,9075,9075,9069,9078,9075,9078,9075,9072,9075,9075,9075,9078,9075,9075,9075,9078,9078,9072,9075,9078,9072,9069,9078,9075,9072,9072,9072,9075,9078,9075,9075,9072,9072,9072,9075,9072,9078,9075,9072,9075,9069,9075,9072,9078,9075,9078,9072,9075,9072,9072,9072,9075,9075,9069,9075,9069,9078,9075,9075,9078,9075,9072,9075,9072,9078,9075,9075,9075,9072,9072,9072,9069,9072,9075,9078,9072,9072,9072,9078,9081,9078,9069,9075,9078,9078,9075,9078,9075,9072,9069,9078,9075,9081,9075,9072,9072,9075,9072,9078,9072,9072,9078,9078,9078,9072,9072,9075,9075,9075,9075,9072,9069,9072,9072,9078,9072,9075,9072,9078,9072,9075,9075,9072,9072,9075,9072,9072,9075,9075,9072,9072,9072,9072,9075,9066,9075,9072,9075,9072,9075,9075,9081,9069,9078,9075,9081,9075,9072,9072,9069,9078,9075,9075,9075,9078,9075,9075,9075,9075,9078,9072,9075,9072,9075,9075,9072,9078,9075,9075,9072,9075,9072,9075,9078,9066,9075,9072,9078,9078,9075,9075,9072,9069,9075,9075,9072,9078,9075,9072,9078,9069,9072,9075,9078,9075,9078,9075,9072,9072,9075,9075,9078,9075,9072,9078,9072,9069,9072,9072,9078,9075,9078,9072,9075,9078,9075,9078,9072,9078,9078,9072,9075,9075,9072,9075,9075,9075,9078,9075,9075,9078,9075,9069,9072,9078,9075,9075,9075,9075,9075,9078,9072,9075,9078,9069,9075,9075,9072,9072,9072,9075,9078,9072,9078,9072,9069,9078,9072,9069,9072,9072,9072,9078,9078,9069,9072,9072,9075,9081,9075,9075,9075,9075,9072,9072,9078,9072,9078,9072,9075,9078,9075,9072,9078,9072,9078,9078,9075,9075,9072,9078,9075,9075,9075,9075,9072,9072,9078,9075,9072,9072,9075,9072,9072,9072,9069,9078,9075,9072,9072,9078,9075,9078,9072,9072,9069,9072,9072,9078,9075,9081,9072,9078,9075,9078,9075,9075,9075,9078,9072,9075,9072,9072,9075,9072,9075,9072,9072,9072,9072,9078,9078,9075,9072,9078,9072,9069,9069,9075,9075,9069,9078,9075,9078,9078,9075,9072,9075,9069,9075,9078,9081,9072,9072,9075,9075,9072,9072,9072,9072,9072,9075,9072,9072,9078,9075,9072,9072,9075,9075,9075,9078,9072,9078,9078,9072,9069,9075,9075,9072,9078,9075,9075,9078,9072,9072,9078,9075,9075,9072,9075,9075,9072,9072,9072,9072,9075,9072,9078,9072,9072,9075,9075,9069,9072,9072,9075,9075,9075,9075,9075,9072,9072,9075,9078,9072,9075,9075,9075,9078,9078,9075,9072,9075,9075,9075,9072,9075,9078,9075,9072,9075,9075,9078,9075,9078,9078,9072,9075,9072,9078,9072,9072,9075,9081,9078,9075,9075,9072,9072,9075,9072,9072,9072,9078,9075,9075,9078,9072,9078,9075,9078,9075,9078,9078,9075,9075,9072,9075,9075,9075,9075,9075,9075,9075,9075,9078,9072,9075,9075,9072,9072,9078,9075,9072,9075,9075,9072,9075,9072,9075,9078,9072,9075,9075,9069,9072,9075,9069,9075,9075,9072,9072,9075,9072,9078,9075,9075,9069,9075,9075,9075,9072,9072,9078,9078,9072,9075,9069,9078,9072,9072,9072,9075,9075,9075,9069,9075,9069,9075,9075,9075,9078,9075,9075,9078,9075,9072,9081,9072,9069,9069,9078,9075,9072,9078,9066,9072,9069,9075,9075,9075,9069,9075,9075,9075,9072,9072,9075,9075,9072,9078,9078,9072,9075,9075,9075,9072,9075,9072,9075,9072,9078,9075,9078,9075,9081,9078,9078,9072,9072,9075,9078,9075,9072,9072,9078,9075,9072,9075,9072,9078,9075,9072,9075,9072,9072,9075,9072,9075,9078,9075,9072,9078,9081,9078,9075,9075,9075,9078,9072,9069,9072,9072,9078,9075,9078,9072,9075,9072,9072,9078,9078,9075,9075,9075,9072,9078,9075,9072,9075,9072,9075,9075,9075,9072,9072,9075,9075,9075,9075,9072,9075,9072,9078,9078,9075,9078,9075,9075,9072,9072,9075,9072,9072,9075,9075,9075,9069,9066,9081,9075,9078,9072,9078,9078,9075,9072,9069,9078,9078,9072,9078,9075,9075,9072,9072,9075,9078,9075,9072,9078,9072,9075,9072,9072,9078,9078,9075,9072,9072,9066,9078,9075,9072,9081,9072,9072,9078,9078,9072,9072,9078,9072,9075,9069,9069,9072,9075,9078,9072,9075,9075,9072,9075,9072,9075,9072,9075,9078,9075,9072,9075,9078,9072,9078,9072,9072,9072,9072,9078,9081,9069,9075,9069,9075,9078,9072,9072,9072,9078,9075,9072,9075,9075,9072,9072,9075,9075,9075,9072,9072,9072,9072,9072,9072,9072,9078,9075,9075,9069,9078,9075,9072,9072,9078,9075,9078,9075,9078,9072,9075,9075,9072,9072,9078,9078,9078,9075,9072,9072,9075,9078,9075,9078,9078,9072,9078,9078,9072,9072,9072,9078,9078,9078,9081,9075,9075,9075,9075,9072,9078,9072,9075,9075,9072,9078,9072,9078,9075,9072,9075,9075,9075,9072,9072,9075,9078,9075,9078,9078,9078,9075,9072,9075,9072,9072,9072,9072,9075,9072,9075,9072,9075,9075,9075,9072,9075,9072,9078,9075,9072,9072,9075,9078,9075,9078,9075,9069,9072,9072,9072,9072,9075,9075,9072,9072,9078,9078,9072,9081,9075,9078,9069,9075,9072,9075,9081,9072,9072,9069,9075,9075,9075,9069,9072,9078,9075,9072,9072,9075,9075,9078,9072,9075,9072,9075,9078,9078,9075,9075,9072,9072,9078,9075,9072,9072,9078,9081,9078,9078,9075,9072,9072,9078,9072,9075,9081,9072,9069,9078,9075,9072,9072,9072,9072,9072,9075,9072,9072,9075,9075,9072,9072,9072,9069,9078,9075,9075,9075,9072,9075,9072,9075,9072,9075,9075,9072,9072,9075,9072,9075,9072,9069,9075,9069,9072,9075,9072,9081,9075,9075,9069,9069,9075,9075,9075,9075,9075,9072,9072,9075,9075,9072,9072,9081,9075,9075,9072,9069,9075,9075,9075,9075,9072,9072,9072,9069,9072,9072,9078,9075,9072,9078,9078,9072,9081,9078,9072,9078,9075,9075,9072,9075,9075,9072,9075,9078,9078,9069,9075,9078,9075,9072,9075,9075,9072,9072,9075,9072,9075,9081,9075,9078,9072,9075,9078,9075,9078,9075,9072,9069,9072,9072,9072,9072,9081,9072,9075,9078,9072,9072,9075,9075,9078,9075,9069,9081,9069,9075,9069,9072,9078,9075,9072,9075,9075,9075,9072,9075,9069,9072,9078,9072,9075,9075,9072,9072,9078,9072,9072,9078,9069,9072,9072,9075,9075,9072,9072,9072,9078,9072,9075,9072,9075,9069,9075,9075,9075,9072,9072,9078,9075,9075,9078,9069,9075,9075,9069,9072,9078,9075,9072,9075,9078,9078,9075,9072,9072,9075,9075
